                       I D E A M  -  INSTITUTO DE HIDROLOGIA, METEOROLOGIA Y ESTUDIOS AMBIENTALES
                                                                                                              SISTEMA DE INFORMACION
                                    VALORES MEDIOS  MENSUALES DE CAUDALES (m3/seg)                              NACIONAL AMBIENTAL

    FECHA DE PROCESO :  2019/05/13                                                           ESTACION : 29037610  KILOMETRO 107

    LATITUD    1014 N               TIPO EST    LM                   DEPTO      BOLIVAR                 FECHA-INSTALACION   1981-ABR
    LONGITUD   7531 W               ENTIDAD     01  IDEAM            MUNICIPIO  CARTAGENA               FECHA-SUSPENSION
    ELEVACION  0002 m.s.n.m         REGIONAL    02  ATLANTICO        CORRIENTE  CANAL DEL DIQUE

************************************************************************************************************************************
  A#O EST ENT ENERO *  FEBRE *  MARZO *  ABRIL *  MAYO  *  JUNIO *  JULIO *  AGOST *  SEPTI *  OCTUB *  NOVIE *  DICIE *  VR ANUAL *
************************************************************************************************************************************

 1984  2  01  96.84    92.22 3  88.38    88.29    97.83    119.9    142.4    150.1 3  171.1    188.3    191.6    154.4      131.78 3
 1985  2  01  143.5    109.5    102.9    101.3    120.6    113.6    110.9    116.0    133.9    156.8    150.5    157.0      126.38
 1986  2  01  116.2    78.41    78.34    89.78    148.1    161.4    163.4    140.7    145.1    168.9    189.9    174.9      137.93
 2001  1  01    *        *        *        *        *        *        *        *        *        *        *        *
 2002  1  01    *        *        *        *        *        *        *        *        *        *        *        *
 2003  1  01    *        *        *        *        *        *        *        *        *        *        *        *
 2004  1  01    *        *        *        *        *        *        *        *        *        *        *        *
 2005  1  01    *        *        *        *        *        *        *        *        *        *        *        *
 2007  1  01    *        *        *        *        *        *        *        *        *        *        *        *
 2008  1  01    *        *        *        *        *        *        *        *        *        *        *        *
 2009  1  01    *        *        *        *        *        *        *        *        *        *        *        *

MEDIOS        118.8    93.38    89.87    93.12    122.2    131.6    138.9    135.6    150.0    171.3    177.3    162.1      132.03
MAXIMOS       143.5    109.5    102.9    101.3    148.1    161.4    163.4    150.1    171.1    188.3    191.6    174.9      191.60
MINIMOS       96.84    78.41    78.34    88.29    97.83    113.6    110.9    116.0    133.9    156.8    150.5    154.4       78.34                       I D E A M  -  INSTITUTO DE HIDROLOGIA, METEOROLOGIA Y ESTUDIOS AMBIENTALES
                                                                                                              SISTEMA DE INFORMACION
                                    VALORES MAXIMOS MENSUALES DE CAUDALES (m3/seg)                              NACIONAL AMBIENTAL

    FECHA DE PROCESO :  2019/05/13                                                           ESTACION : 29037610  KILOMETRO 107

    LATITUD    1014 N               TIPO EST    LM                   DEPTO      BOLIVAR                 FECHA-INSTALACION   1981-ABR
    LONGITUD   7531 W               ENTIDAD     01  IDEAM            MUNICIPIO  CARTAGENA               FECHA-SUSPENSION
    ELEVACION  0002 m.s.n.m         REGIONAL    02  ATLANTICO        CORRIENTE  CANAL DEL DIQUE

************************************************************************************************************************************
  A#O EST ENT ENERO *  FEBRE *  MARZO *  ABRIL *  MAYO  *  JUNIO *  JULIO *  AGOST *  SEPTI *  OCTUB *  NOVIE *  DICIE *  VR ANUAL *
************************************************************************************************************************************

 1984  2  01  136.1    136.1 3  129.7    133.0    148.5    160.9    191.2    191.2 3  201.0    222.0    228.0    198.0      228.00 3
 1985  2  01  214.0    153.6    163.0    166.0    169.0    190.0    172.0    160.0    190.0    205.0    187.0    205.0      214.00
 1986  2  01  166.0    169.0    131.2    166.0    175.0    196.0    196.0    190.0    217.0    220.0    220.0    214.0      220.00
 2001  1  01    *        *        *        *        *        *        *        *        *        *        *        *
 2002  1  01    *        *        *        *        *        *        *        *        *        *        *        *
 2003  1  01    *        *        *        *        *        *        *        *        *        *        *        *
 2004  1  01    *        *        *        *        *        *        *        *        *        *        *        *
 2005  1  01    *        *        *        *        *        *        *        *        *        *        *        *
 2007  1  01    *        *        *        *        *        *        *        *        *        *        *        *
 2008  1  01    *        *        *        *        *        *        *        *        *        *        *        *
 2009  1  01    *        *        *        *        *        *        *        *        *        *        *        *

MEDIOS        172.0    152.9    141.3    155.0    164.2    182.3    186.4    180.4    202.7    215.7    211.7    205.7      180.85
MAXIMOS       214.0    169.0    163.0    166.0    175.0    196.0    196.0    191.2    217.0    222.0    228.0    214.0      228.00
MINIMOS       136.1    136.1    129.7    133.0    148.5    160.9    172.0    160.0    190.0    205.0    187.0    198.0      129.70                       I D E A M  -  INSTITUTO DE HIDROLOGIA, METEOROLOGIA Y ESTUDIOS AMBIENTALES
                                                                                                              SISTEMA DE INFORMACION
                                    VALORES MINIMOS MENSUALES DE CAUDALES (m3/seg)                              NACIONAL AMBIENTAL

    FECHA DE PROCESO :  2019/05/13                                                           ESTACION : 29037610  KILOMETRO 107

    LATITUD    1014 N               TIPO EST    LM                   DEPTO      BOLIVAR                 FECHA-INSTALACION   1981-ABR
    LONGITUD   7531 W               ENTIDAD     01  IDEAM            MUNICIPIO  CARTAGENA               FECHA-SUSPENSION
    ELEVACION  0002 m.s.n.m         REGIONAL    02  ATLANTICO        CORRIENTE  CANAL DEL DIQUE

************************************************************************************************************************************
  A#O EST ENT ENERO *  FEBRE *  MARZO *  ABRIL *  MAYO  *  JUNIO *  JULIO *  AGOST *  SEPTI *  OCTUB *  NOVIE *  DICIE *  VR ANUAL *
************************************************************************************************************************************

 1984  2  01  67.20    64.40 3  56.00    56.00    68.00    82.00    129.7    115.1 3  153.1    160.9    119.0    117.0       56.00 3
 1985  2  01  98.70    81.10    54.40    49.90    92.20    79.50    77.90    88.80    74.90    132.8    134.4    136.0       49.90
 1986  2  01  73.50    44.80    57.50    58.00    129.6    137.5    140.7    101.6    126.0    114.7    148.6    150.4       44.80
 2001  1  01    *        *        *        *        *        *        *        *        *        *        *        *
 2002  1  01    *        *        *        *        *        *        *        *        *        *        *        *
 2003  1  01    *        *        *        *        *        *        *        *        *        *        *        *
 2004  1  01    *        *        *        *        *        *        *        *        *        *        *        *
 2005  1  01    *        *        *        *        *        *        *        *        *        *        *        *
 2007  1  01    *        *        *        *        *        *        *        *        *        *        *        *
 2008  1  01    *        *        *        *        *        *        *        *        *        *        *        *
 2009  1  01    *        *        *        *        *        *        *        *        *        *        *        *

MEDIOS        79.80    63.43    55.97    54.63    96.60    99.67    116.1    101.8    118.0    136.1    134.0    134.5       99.22
MAXIMOS       98.70    81.10    57.50    58.00    129.6    137.5    140.7    115.1    153.1    160.9    148.6    150.4      160.90
MINIMOS       67.20    44.80    54.40    49.90    68.00    79.50    77.90    88.80    74.90    114.7    119.0    117.0       44.80                       I D E A M  -  INSTITUTO DE HIDROLOGIA, METEOROLOGIA Y ESTUDIOS AMBIENTALES
                                                                                                              SISTEMA DE INFORMACION
                                    VALORES MEDIOS  MENSUALES DE NIVELES (Cms)                                  NACIONAL AMBIENTAL

    FECHA DE PROCESO :  2019/05/13                                                           ESTACION : 29037610  KILOMETRO 107

    LATITUD    1014 N               TIPO EST    LM                   DEPTO      BOLIVAR                 FECHA-INSTALACION   1981-ABR
    LONGITUD   7531 W               ENTIDAD     01  IDEAM            MUNICIPIO  CARTAGENA               FECHA-SUSPENSION
    ELEVACION  0002 m.s.n.m         REGIONAL    02  ATLANTICO        CORRIENTE  CANAL DEL DIQUE

************************************************************************************************************************************
  A#O EST ENT ENERO *  FEBRE *  MARZO *  ABRIL *  MAYO  *  JUNIO *  JULIO *  AGOST *  SEPTI *  OCTUB *  NOVIE *  DICIE *  VR ANUAL *
************************************************************************************************************************************

 1981  1  01                               640 3    656      663      664      663      664               665      663        660  3
 1982  1  01    663      661      638 3    642      651      658      653      647      649      653 3    649      655        652  3
 1983  1  01    647      636      635      636      639      638      642      643      647      654      650      647        643
 1984  1  01    649      647 3    646      646      649      656      663      665 3    672      677      678      667        660  3
 1985  1  01    655      644      642      642      648      646      645      646      652      659      657      659        650
 1986  1  01    646      634      634      638      656      661      661      654      656      663      670      665        653
 1987  1  01    653      645      639      646      652      655      655      662      664      669      671      674        657
 1988  1  01    658      645      631      636      646      653      661      667      670      681      676      670        658
 1989  1  01    665      657      649      644      652      659      660      660      670      672      671      660        660
 1990  2  01    656      637      641      642      656      660      659      659      661      657      677      680        657
 1991  2  01    665      637      637      639      651      656      653      657      658      668      670      664        655
 1992  2  01    652      641      639      642      651      656      648      659      667      673      667      667        655
 1993  2  01    659      645      642      653      667      672      674      670      675      681      685      679        667
 1994  1  01    682      664      661      669      679      684      682      680      677      688      691      687        679
 1995  1  01    670 3    643      644      646      663      671      677 3    682      688      691      694      686        671  3
 1996  1  01    678      666      666      672      675      684      688      686      691      699      694      682        682
 1997  1  01    661      660      643      646      658      658      660      653      655      662      667      664        657
 1998  1  01    645      643      643      654      665      675      676      683      687      690      695      695        671
 1999  1  01    694      684      686      684      688      694      695      697      697      699      700      700        693
 2000  1  01    695      678      665      *        676      681      692      693      684 3    682      698      708        687  3
 2001  1  01    674      648      648      650      657      664      663      661      662      667      686      687        664
 2002  1  01    684      653      651      660      672      672      675      668      670      674      688      683        671
 2003  1  01    663      652      648 3    656      671      676      684      689      688      695      701      703        677  3
 2004  1  01    695      666      650      649      676      687 6    680 3    684      688 3    693      702      703        681  3
 2005  1  01    692      665      655      660      677      691      690      687      689      694      704      706        684
 2006  1  01    698      671      653      675      687      698      699      691      695      700      702      708        690
 2007  1  01    688 6    655      653      668      693      701      703      704      708      712      717      710        693
 2008  1  01    700      675      672      672      683      694      702      710      715      714      719      715        698
 2009  1  01    702      689      674      680      690      692      693      688      688      687      700      669        688
 2010  1  01    658      652      656      659      675      693      704      714      715      722      723      728        692
 2012  1  01    706      682      665      675      691      695      682      683      690      690      694      688        687
 2013  1  01    659      661      664      663      681      687      688      682      689      701      701      698        681
 2014  1  01    681      660      666      662      682      689      676      666      685      697      705      706        681
 2015  1  01    675      668      661      673      680      682      671      675      679      675      693      674        676

MEDIOS          672      656      651      655      667      674      674      674      678      683      687      684        671
MAXIMOS         706      689      686      684      693      701      704      714      715      722      723      728        728
MINIMOS         645      634      631      636      639      638      642      643      647      653      649      647        631                       I D E A M  -  INSTITUTO DE HIDROLOGIA, METEOROLOGIA Y ESTUDIOS AMBIENTALES
                                                                                                              SISTEMA DE INFORMACION
                                    VALORES MAXIMOS MENSUALES DE NIVELES (Cms)                                  NACIONAL AMBIENTAL

    FECHA DE PROCESO :  2019/05/13                                                           ESTACION : 29037610  KILOMETRO 107

    LATITUD    1014 N               TIPO EST    LM                   DEPTO      BOLIVAR                 FECHA-INSTALACION   1981-ABR
    LONGITUD   7531 W               ENTIDAD     01  IDEAM            MUNICIPIO  CARTAGENA               FECHA-SUSPENSION
    ELEVACION  0002 m.s.n.m         REGIONAL    02  ATLANTICO        CORRIENTE  CANAL DEL DIQUE

************************************************************************************************************************************
  A#O EST ENT ENERO *  FEBRE *  MARZO *  ABRIL *  MAYO  *  JUNIO *  JULIO *  AGOST *  SEPTI *  OCTUB *  NOVIE *  DICIE *  VR ANUAL *
************************************************************************************************************************************

 1981  1  01                               663 3    667      670      671      672      672               680      682        682  3
 1982  1  01    675      671      658 3    662      665      672      666      663      666      666 3    668      668        675  3
 1983  1  01    680      656      657      661      652      662      654      653      680      680      665      661        680
 1984  1  01    661      661 3    659      660      665      669      678      678 3    681      688      690      680        690  3
 1985  1  01    678      658      661      662      663      670      664      660      670      675      669      675        678
 1986  1  01    662      663      651      662      665      672      672      670      679      680      680      678        680
 1987  1  01    672      668      664      670      663      668      670      678      678      687      689      687        689
 1988  1  01    677      680      666      661      658      668      669      681      680      696      689      678        696
 1989  1  01    686      678      678      662      667      675      676      678      688      687      691      681        691
 1990  1  01    672      664      689      664      670      676      676      677      678      672      694      698        698
 1991  1  01    688      660      684      669      665      668      667      676      681      690      681      683        690
 1992  1  01    671      665      667      666      666      673      661      678      680      698      680      680        698
 1993  1  01    678      667      678      673      677      685      692      683      690      690      696      687        696
 1994  1  01    693      683      678      689      692      695      695      692      690      698      699      698        699
 1995  1  01    695 3    660      662      680      680      681      690 3    696      698      699      699      699        699  3
 1996  1  01    692      688      679      683      689      690      695      696      699      964      699      696        964
 1997  1  01    677      680      668      669      668      668      671      666      668      677      677      680        680
 1998  1  01    656      662      662      670      680      699      699      690      692      699      700      700        700
 1999  1  01    700      696      697      695      693      699      699      699      700      700      700      702        702
 2000  1  01    701      694      672      *        690      692      700      700      700 3    700      710      712        712  3
 2001  1  01    695      672      670      675      674      678      675      678      678      692      698      698        698
 2002  1  01    697      672      680      680      688      688      690      690      688      690      698      697        698
 2003  1  01    690      669      670 3    675      685      690      695      698      700      702      710      720        720  3
 2004  1  01    702      698      686      677      697      699      693 3    696      699 3    702      711      710        711  3
 2005  1  01    708      687      678      678      694      699      699      698      700      709      712      710        712
 2006  1  01    707      698      669      688      699      706      705      705      706      708      720      721        721
 2007  1  01    703      672      669      699      973      707      706      710      709      722      722      718        973
 2008  1  01    703      698      686      690      695      699      708      717      720      717      728      721        728
 2009  1  01    708      699      687      690      701      699      705      701      703      702      705      670        708
 2010  1  01    673      674      674      679      686      711      710      718      719      729      728      740        740
 2012  1  01    716      693      685      694      700      700      694      701      701      705      702      699        716
 2013  1  01    680      675      672      679      699      699      699      694      708      708      711      703        711
 2014  1  01    698      670      677      683      693      699      694      680      698      708      712      714        714
 2015  1  01    701      684      683      689      695      694      696      689      703      689      700      700        703

MEDIOS          688      676      673      676      689      686      686      687      691      704      697      695        687
MAXIMOS         716      699      697      699      973      711      710      718      720      964      728      740        973
MINIMOS         656      656      651      660      652      662      654      653      666      666      665      661        651                       I D E A M  -  INSTITUTO DE HIDROLOGIA, METEOROLOGIA Y ESTUDIOS AMBIENTALES
                                                                                                              SISTEMA DE INFORMACION
                                    VALORES MINIMOS MENSUALES DE NIVELES (Cms)                                  NACIONAL AMBIENTAL

    FECHA DE PROCESO :  2019/05/13                                                           ESTACION : 29037610  KILOMETRO 107

    LATITUD    1014 N               TIPO EST    LM                   DEPTO      BOLIVAR                 FECHA-INSTALACION   1981-ABR
    LONGITUD   7531 W               ENTIDAD     01  IDEAM            MUNICIPIO  CARTAGENA               FECHA-SUSPENSION
    ELEVACION  0002 m.s.n.m         REGIONAL    02  ATLANTICO        CORRIENTE  CANAL DEL DIQUE

************************************************************************************************************************************
  A#O EST ENT ENERO *  FEBRE *  MARZO *  ABRIL *  MAYO  *  JUNIO *  JULIO *  AGOST *  SEPTI *  OCTUB *  NOVIE *  DICIE *  VR ANUAL *
************************************************************************************************************************************

 1981  1  01                               628 3    649      660      662      661      652               654      650        628  3
 1982  1  01    657      653      634 3    632      635      648      645      638      641      624 3    550      637        550  3
 1983  1  01    628      629      622      626      630      631      635      637      634      640      638      636        622
 1984  1  01    639      638 3    635      635      639      644      659      655 3    667      669      656      655        635  3
 1985  1  01    641      636      626      622      639      635      635      638      634      652      652      653        622
 1986  1  01    633      622      627      628      651      653      654      642      650      646      657      657        622
 1987  1  01    632      624      625      632      644      646      643      650      655      656      655      660        624
 1988  1  01    642      634      612      623      634      644      655      662      664      673      668      662        612
 1989  1  01    656      647      638      635      637      647      639      649      665      666      650      646        635
 1990  1  01    641      623      626      632      645      644      652      649      651      601      660      664        601
 1991  1  01    647      628      625      624      643      645      644      648      649      657      662      656        624
 1992  1  01    640      626      627      633      641      643      639      643      657      666      660      654        626
 1993  1  01    647      635      629      637      654      662      663      661      665      672      678      673        629
 1994  1  01    666      654      649      660      672      674      674      671      672      679      666      679        649
 1995  1  01    641 3    633      635      632      648      665      670 3    675      681      683      685      670        632  3
 1996  1  01    666      661      656      665      668      675      681      667      688      691      691      661        656
 1997  1  01    648      651      635      630      650      645      654      647      647      607      656      646        607
 1998  1  01    640      632      635      644      656      669      669      675      681      686      689      694        632
 1999  1  01    689      680      678      675      682      690      691      692      695      698      700      693        675
 2000  1  01    684      660      660      *        666      673      682      688      493 3    659      684      697        493  3
 2001  1  01    658      633      636      639      644      655      651      649      651      381      667      676        381
 2002  1  01    663      638      639      648      662      662      663      658      659      665      675      673        638
 2003  1  01    643      637      640 3    644      662      669      675      683      682      688      698      691        637  3
 2004  1  01    684      647      631      637      662      676      671 3    675      683 3    687      690      696        631  3
 2005  1  01    681      657      644      646      662      677      679      682      684      689      697      704        644
 2006  1  01    685      654      649      668      671      687      688      684      684      695      692      700        649
 2007  1  01    677      639      648      651      678      692      699      701      707      706      714      705        639
 2008  1  01    698      660      665      656      673      691      695      704      712      712      716      707        656
 2009  1  01    697      682      667      671      686      684      690      680      683      681      692      668        667
 2010  1  01    646      647      644      644      669      677      701      707      714      719      720      720        644
 2012  1  01    695      678      650      665      680      690      666      679      687      686      685      680        650
 2013  1  01    644      651      660      648      669      681      680      676      685      695      699      696        644
 2014  1  01    666      652      656      656      663      681      664      661      680      690      699      700        652
 2015  1  01    654      662      649      661      667      667      660      666      668      668      682      655        649

MEDIOS          658      646      641      643      657      664      666      666      665      663      675      674        660
MAXIMOS         698      682      678      675      686      692      701      707      714      719      720      720        720
MINIMOS         628      622      612      622      630      631      635      637      493      381      550      636        381