                       I D E A M  -  INSTITUTO DE HIDROLOGIA, METEOROLOGIA Y ESTUDIOS AMBIENTALES
                                                                                                              SISTEMA DE INFORMACION
                                    VALORES MEDIOS  MENSUALES DE TEMPERATURA (oC)                               NACIONAL AMBIENTAL

    FECHA DE PROCESO :  2019/05/13                                                           ESTACION : 14015030  ESC NAVAL CIOH

    LATITUD    1023 N               TIPO EST    CP                   DEPTO      BOLIVAR                 FECHA-INSTALACION   1947-MAR
    LONGITUD   7532 W               ENTIDAD     01  IDEAM            MUNICIPIO  CARTAGENA               FECHA-SUSPENSION
    ELEVACION  0001 m.s.n.m         REGIONAL    02  ATLANTICO        CORRIENTE  MAR CARIBE

************************************************************************************************************************************
  A#O EST ENT ENERO *  FEBRE *  MARZO *  ABRIL *  MAYO  *  JUNIO *  JULIO *  AGOST *  SEPTI *  OCTUB *  NOVIE *  DICIE *  VR ANUAL *
************************************************************************************************************************************

 1953  1  01                                                                  28.6     28.8     28.7     28.6                 28.7 3
 1954  2  01   26.3 3   26.6     27.4     27.8     28.3 3   28.7 3   28.8 8   28.7     28.5 3   27.8     27.8     27.3 8      27.8 3
 1955  2  01   26.9     27.1     26.3     27.2     28.1 3   28.0 3   28.2 3   28.6     28.3 3   27.5     27.9     27.6        27.6 3
 1956  2  01   26.4     26.6 3   26.7     27.6     27.7     27.8     28.1     27.5 3   28.0     26.9     27.4     26.9        27.3 3
 1957  4  05   28.2     26.1     27.6     26.6     28.4     28.6     28.8     29.1     28.9     28.4     28.6     28.0        28.1
 1958  2  01   27.5     27.2     27.9     28.4     28.5 3   29.1 3   29.0 3   28.7 3   29.2 3   28.8 3   28.5 3   27.2 3      28.3 3
 1959  4  08   26.4     25.5     26.5     27.2     27.8     28.2     28.0     28.2     28.4     28.0     27.9     27.6        27.5
 1960  2  01   26.6     27.6     26.8     28.5     28.6     28.4     28.5     28.4     28.4     28.1     27.7     27.2        27.9
 1961  2  01   26.9 3   26.2 3   25.9 3   27.2 8   28.0     28.8     28.2     28.3     28.1     28.0     25.9 3   26.6 8      27.3 3
 1962  4  11   26.5 8   27.0 8   27.8 8   27.6 3   29.0     27.2     28.2 3   28.1     28.3     28.6     28.4     27.6        27.9 3
 1963  4  11   28.3     28.0     28.2     27.9 8   27.8 8   27.7 8   27.8 8   27.8 8   27.8 8   27.8 8   27.5 8   27.5        27.8
 1964  4  11   26.8     27.1     27.0     28.0     28.2     28.1     27.9     27.5     27.7     27.4     27.2     26.5        27.5
 1965  4  11   26.3     26.7 8   27.1 8   27.6 8   28.0 8   28.2 8   28.5     28.1     28.4     28.0     27.2     27.6        27.6
 1966  4  11   27.8     27.6     26.7     28.1     28.0     27.7     28.1     28.0     27.8     27.4     26.7     25.8        27.5
 1967  4  02   26.4 8   26.7 8   27.4 8   27.9 8   28.3 8   28.4 8   28.4 8   28.2 8   28.0 8   27.7 8   27.5 8   27.4 8      27.7
 1968  4  11   26.3     26.5     27.0     26.3     26.7     27.8 8   27.8 8   27.8 8   27.8 8   27.7 8   27.7 8   27.7 8      27.3
 1969  2  01   27.1 8   27.3     27.9 8   28.1 8   28.3     27.7     27.4     27.3     27.7     27.2     27.0     27.0        27.5
 1970  2  01   26.6     27.0     27.3     27.8     27.8     28.3     27.9     26.7     27.5     28.1 3   27.9     28.0        27.6 3
 1971  2  01   27.8 8   27.6 8   28.1 8   28.1 8   28.2 8   28.3 8   28.0 8   27.9 8   28.0 8   27.8 8   27.4 8   27.2 8      27.9
 1972  2  01   26.5     26.0     27.0     27.4     27.7     29.2     29.2     29.5     29.8     29.7 8   29.5     29.5        28.4
 1973  2  01   28.9     27.4     28.4     27.6     27.8 8   28.0 8   27.8 8   27.9 8   28.1 8   28.0 8   27.7 8   27.6 8      27.9
 1974  2  01   27.0 8   27.0 8   27.7 8   27.7 8   28.6 3   28.1 8   27.9 8   27.9 8   28.1 8   28.0 8   27.7 8   27.7 8      27.8 3
 1975  2  01   26.9 8   26.5 8   26.6     27.1 8   27.8 3   27.6 8   27.4 8   27.2 8   27.5 8   26.7     27.1     26.3        27.1 3
 1976  1  01   26.1     25.6     26.2     26.6     27.8     27.4     27.6     27.9     28.0 3   27.8     28.5     27.2        27.2 3
 1977  2  01   26.8     26.6     26.6     27.1     27.7     28.2     27.8     27.9     28.8     28.4 8   28.4 3   28.0 8      27.7 3
 1978  2  01   27.5 8   27.3 8   27.7 8   28.0 8   28.5 8   28.5 8   28.4 8   28.3 8   28.6 8   28.4 8   28.4 8   28.0 8      28.1
 1979  2  01   27.5 8   27.2 8   27.7 8   27.9 8   28.5 8   28.5 8   28.4 8   28.3 8   28.6 8   28.4 8   28.4 8   27.8 8      28.1
 1980  2  01   27.4 8   27.3 8   27.6 8   27.9 8   28.5 8   28.6 8   28.5 8   28.4 8   28.6 8   28.3 8   28.4 8   27.8 8      28.1
 1981  2  01   27.4 3   27.1 3   27.6 3   27.6 3   28.0     28.1 3   28.4 3   27.9 3   28.3     27.9 3   28.3     27.7        27.9 3
 1982  2  01   26.7 3   26.8 3   26.6 3   27.3 3   28.0 3   28.4 3   28.1 3   28.3 3   28.3 3   27.6 3   28.0 3   27.0 3      27.6 3
 1983  1  01   27.4 3   27.1 3   28.0     28.1 3   28.6 3   29.2 3   28.7 3   28.6 3   28.3 3   27.7 3   28.3 3   27.4 3      28.1 3
 1984  1  01   26.8 3   27.2 3   26.9 3   27.5 3   28.1 3   28.2 3   27.7 3   27.6 3   27.5 3   27.5 3   27.4 3   26.3 3      27.4 3
 1985  1  01   25.9     26.5     26.7     27.0 3   28.2     28.5     28.3     27.9     27.8     28.2     27.7 3   26.9        27.5 3
 1986  1  01   26.5 3   26.5 3   27.1     27.6     28.4     28.4     28.3 3   28.5 3   28.3     27.6 3   27.9 3   27.2 3      27.7 3
 1987  1  01   27.1     27.4     27.6     28.1 3   28.1 3   29.3     28.7     28.7 3   28.0 8   27.7 8   27.8 8   27.1 8      28.0 3
 1988  1  01   26.7 8   26.7 8   27.0 8   27.3 8   28.0 8   28.2 8   28.0 8   27.9 8   27.9 8   27.7 8   27.7 8   27.0 8      27.5
 1989  1  01   26.7 8   26.7 8   27.0 8   27.4 8   28.0 8   28.3 8   28.0 8   27.9 8   27.9 8   27.6 8   27.7 8   27.7 8      27.6
 1990  1  01   26.6 8   26.7 8   27.0 8   27.3 8   27.9 8   28.2 8   28.0 8   27.9 8   27.9 8   27.6 8   27.7 8   26.9 8      27.5
 1991  1  01   26.7 8   26.7 8   27.0 8   27.6 8   28.1 8   28.4 8   28.2     28.4     28.2     27.8     27.7     26.7        27.6
 1992  1  01   26.6     27.1     27.4     28.2 3   28.4     28.7     27.9     28.0     27.8     27.9     27.9     27.4 3      27.8 3
 1993  1  01   27.1     27.0     27.3     27.9     28.1     28.6     28.2 3   28.5     27.6     28.3 3   27.5     27.4        27.8 3
 1994  1  01   26.5     26.4     27.0     27.3 3   28.1     28.3     28.0     28.1     28.2     27.6     27.5     27.0        27.5 3
 1995  1  01   27.0     26.7 3   27.2     27.9     28.4 3   28.5     28.0 3   28.0     28.6     27.7     28.0     27.5        27.8 3
 1996  1  01   27.3     27.2     27.4 3   27.9     27.9     28.4     28.0     28.0     28.0     27.8 3   27.5     26.9        27.7 3
 1997  1  01   26.5     27.0     26.4     27.2     28.2 3   28.1     28.4 3   28.6     28.5     28.5     28.0     27.8 3      27.8 3                       I D E A M  -  INSTITUTO DE HIDROLOGIA, METEOROLOGIA Y ESTUDIOS AMBIENTALES
                                                                                                              SISTEMA DE INFORMACION
                                    VALORES MEDIOS  MENSUALES DE TEMPERATURA (oC)                               NACIONAL AMBIENTAL

    FECHA DE PROCESO :  2019/05/13                                                           ESTACION : 14015030  ESC NAVAL CIOH

    LATITUD    1023 N               TIPO EST    CP                   DEPTO      BOLIVAR                 FECHA-INSTALACION   1947-MAR
    LONGITUD   7532 W               ENTIDAD     01  IDEAM            MUNICIPIO  CARTAGENA               FECHA-SUSPENSION
    ELEVACION  0001 m.s.n.m         REGIONAL    02  ATLANTICO        CORRIENTE  MAR CARIBE

************************************************************************************************************************************
  A#O EST ENT ENERO *  FEBRE *  MARZO *  ABRIL *  MAYO  *  JUNIO *  JULIO *  AGOST *  SEPTI *  OCTUB *  NOVIE *  DICIE *  VR ANUAL *
************************************************************************************************************************************

 1998  1  01   27.4     27.7     27.5     28.4     28.5     28.6     28.3     28.9     28.4     28.2     28.0     27.3        28.1
 1999  1  01   26.8     26.3     27.3     27.8     28.2 3   28.0     28.1     27.6 3   27.4     27.2     27.4     26.8        27.4 3
 2000  1  01   26.1     26.3     26.4     27.3     27.9     28.1     27.8 3   28.2     27.7     27.8     27.7 3    *          27.4 3
 2001  1  01   26.9     26.0     26.7     27.3     28.0     28.2     28.3     28.8     28.2     28.1     28.1 3   27.9        27.7 3
 2002  1  01   27.7 3   26.7     27.0     27.7     28.5     28.7     28.4     28.8     28.5     28.4     28.3     27.9        28.1 3
 2003  1  01   27.3     27.4     27.5 3   27.9     28.7     28.3     28.2     28.4     28.6     27.9     28.3     27.8        28.0 3
 2004  1  01   27.0     27.4     27.1     27.8     28.2     28.5 3   28.2     28.6     28.3 8   28.0 8   27.6 3   27.6        27.9 3
 2005  1  01   27.4     27.3     28.2 3   28.3     28.5     28.8     28.7     28.6 3   28.5     27.8     28.0 8   27.5 8      28.1 3
 2006  1  01   27.2     26.8 3   27.1     27.6 3   28.3 8   28.5 3   28.6     28.7 3   28.5     28.4 3   28.2     27.8        28.0 3
 2007  1  01   26.9 3   27.1     27.4     27.8 3   27.9     28.7     28.4     27.8     28.0     27.5 3   28.2 3   27.6 3      27.8 3
 2008  1  01   27.0 3   26.9     27.0     27.7     28.0     28.2     28.0 3   27.8     28.2     28.0 3   27.7 3   27.1 3      27.6 3
 2009  1  01   26.7     27.0     27.4     28.0     28.7     28.6     28.8     28.6     29.0 3   28.3     28.5 3   28.4 3      28.2 3
 2010  1  01   27.9 3   28.0 3   28.6 3   28.8     29.0     28.7     28.1     28.1     28.2     27.9     27.1     27.2        28.1 3
 2011  1  01    *       27.1     27.3     28.0     28.3     28.6     28.1     28.1 3   28.2     27.3     27.3 3   27.1        27.8 3
 2012  1  01   26.9     26.7     27.4     28.0     28.9     29.0     28.9     28.4 3   28.9                                   28.1 3
 2013  1  01   27.0     27.2     28.1     28.3     28.1     28.8     28.3     28.2     28.3     28.4 3   28.8 3   28.8 3      28.2 3
 2014  1  01    *

MEDIOS         27.0     26.9     27.2     27.7     28.2     28.4     28.2     28.2     28.2     27.9     27.8     27.4        27.8
MAXIMOS        28.9     28.0     28.6     28.8     29.0     29.3     29.2     29.5     29.8     29.7     29.5     29.5        29.8
MINIMOS        25.9     25.5     25.9     26.3     26.7     27.2     27.4     26.7     27.4     26.7     25.9     25.8        25.5                       I D E A M  -  INSTITUTO DE HIDROLOGIA, METEOROLOGIA Y ESTUDIOS AMBIENTALES
                                                                                                              SISTEMA DE INFORMACION
                                    VALORES MAXIMOS MENSUALES DE TEMPERATURA (oC)                               NACIONAL AMBIENTAL

    FECHA DE PROCESO :  2019/05/13                                                           ESTACION : 14015030  ESC NAVAL CIOH

    LATITUD    1023 N               TIPO EST    CP                   DEPTO      BOLIVAR                 FECHA-INSTALACION   1947-MAR
    LONGITUD   7532 W               ENTIDAD     01  IDEAM            MUNICIPIO  CARTAGENA               FECHA-SUSPENSION
    ELEVACION  0001 m.s.n.m         REGIONAL    02  ATLANTICO        CORRIENTE  MAR CARIBE

************************************************************************************************************************************
  A#O EST ENT ENERO *  FEBRE *  MARZO *  ABRIL *  MAYO  *  JUNIO *  JULIO *  AGOST *  SEPTI *  OCTUB *  NOVIE *  DICIE *  VR ANUAL *
************************************************************************************************************************************

 1953  1  01                                                                  33.4     33.3     34.7     33.9     33.3        34.7 3
 1954  2  01            32.0     32.8     32.3     33.9     33.3              33.6     33.6     33.9     33.4                 33.9 3
 1955  2  01   32.2     32.2     31.1     32.2     32.8     32.2     32.2     32.4     32.2     31.7     33.3     33.3        33.3
 1956  2  01   31.1     30.6     30.6     32.3     32.2     32.8     32.8     33.9     32.2     32.2     31.8     35.6        35.6
 1957  4  05   36.1     32.2     31.7     31.7     31.5     33.9     32.8     33.3     33.9     34.4     33.9     32.8        36.1
 1958  2  01   32.8     32.2     32.8     33.3     33.3     38.6     33.9     35.0     35.6     33.9     34.4     33.3        38.6
 1959  4  08   32.2     31.7     31.6     32.2     33.3     33.3     33.3     35.0     35.0     33.9     33.9     33.3        35.0
 1960  2  01   32.2     32.7     33.3     33.8     34.4     35.0     33.8     34.4     34.4     34.4     34.4     34.4        35.0
 1961  1  01   33.9 3   31.7 3   32.0 3            31.7     31.7     31.1     32.2     31.1     31.7                          33.9 3
 1962  4  11                              36.0 3   36.0     34.0              36.0     33.0     32.0     34.5     36.0        36.0 3
 1963  4  11   35.0     36.0     35.0                                         34.5     31.0     33.0              32.8        36.0 3
 1964  4  11   34.0     33.0     33.4     34.8     33.0     34.5     33.0     34.0     32.5     32.0     31.5     32.3        34.8
 1965  4  11   31.0                                                  34.1     34.2     33.7     33.4     32.2     32.5        34.2 3
 1966  4  11   33.2     33.6     31.5     33.8     33.0     32.4     32.2     34.0     33.2     32.0     32.6     32.0        34.0
 1968  4  11   33.4     33.1     33.0     31.6     32.1                                                                       33.4 3
 1969  2  01            31.0                       33.6     36.0     36.0     31.0     32.0     31.0     31.0     32.0        36.0 3
 1970  2  01   31.0     36.0     33.0     33.1     36.0     33.2     34.4     34.1     31.4     31.4     30.0 3   31.1        36.0 3
 1971  1  01                     32.0                                                                                         32.0 3
 1972  2  01   33.3     33.2     33.2     33.6     32.6     34.2     34.0     33.8     34.6              36.0     32.8        36.0 3
 1973  2  01   33.4                                                                                                           33.4 3
 1975  2  01                     30.4              33.1                                         33.1     31.2     32.0        33.1 3
 1976  2  01   31.0     31.0     31.1     31.2     33.2     31.4     36.8     33.0              32.2     33.4     33.0        36.8 3
 1977  2  01   31.4     32.2     31.4              31.6     34.2     32.6     33.0     32.6              32.4 3               34.2 3
 1983  1  01                     33.9 3   34.0 3   33.2 3   33.4 3   36.0 3   34.8 3   35.0 3                                 36.0 3
 1984  1  01   31.0 3                              32.8 3   32.4 3   32.8 3   33.0 3   32.0 3   33.0 3                        33.0 3
 1985  1  01   30.8     32.9     31.0 3   32.0     33.0     33.8 3   33.4     34.5                       32.9     31.1        34.5 3
 1987  1  01                     32.6 3                     33.2                                                              33.2 3
 1991  1  01                                                         33.4     33.0     32.6     34.0 3   31.6 3   31.6 3      34.0 3
 1992  1  01   33.0 3   32.4 3   32.0 3   32.4 3   33.0 3   33.6     33.0 3   34.0     32.8 3   32.6 3   32.2     31.8        34.0 3
 1993  1  01   32.0     31.6 3   31.8 3   33.4 3   32.8     33.4 3   34.0     34.8 3   32.0 3   33.6 3   31.9 3   31.9 3      34.8 3
 1994  1  01   31.0 3   30.2 3   31.2 3   32.0 3   32.1     32.5 3   33.0 3   33.9 3   32.5 3   32.0 3   31.9 3   31.0 3      33.9 3
 2000  1  01   30.0 3                              31.9 3   31.8 3   31.5 3   32.3 3   32.0 3   33.5     33.2 3    *          33.5 3
 2001  1  01   31.5     32.0     32.2     32.0 3   32.0 3   35.4 3   33.0 3   33.5 3   34.0 3   33.5 3   32.5 3   32.0 3      35.4 3
 2002  1  01   32.5 3   31.2 3   32.8 3   32.0     33.2 3   31.8 3                              32.6     33.4     33.0 3      33.4 3
 2003  1  01   32.0     33.5     31.5 3    *       32.8 3   32.5     33.4 3   32.8 3            31.6 3   32.0 3    *          33.5 3
 2004  1  01    *       32.0     32.6 3                      *                                                                32.6 3
 2005  1  01    *
 2006  1  01                                                          *
 2008  1  01                                                                                                       *
 2010  1  01                                                                  35.8     34.8                                   35.8 3
 2011  1  01                              31.8 3   32.6 3   33.4     33.0     33.5 3   32.8     31.8 3   32.1 3   32.1 3      33.5 3
 2012  1  01   31.6     33.0 3   32.4     32.0 3   33.8     34.8     34.0 3   32.8 3   33.5 3                                 34.8 3
 2013  1  01   33.5 3   32.5     34.0     32.6     34.8     33.0     33.2     33.2     33.2      *       32.4 3   32.4 3      34.8 3
 2014  1  01   32.4 3                                                                                                         32.4 3

MEDIOS         32.4     32.4     32.3     32.8     33.1     33.5     33.5     33.7     33.1     32.8     32.8     32.7        32.9                       I D E A M  -  INSTITUTO DE HIDROLOGIA, METEOROLOGIA Y ESTUDIOS AMBIENTALES
                                                                                                              SISTEMA DE INFORMACION
                                    VALORES MAXIMOS MENSUALES DE TEMPERATURA (oC)                               NACIONAL AMBIENTAL

    FECHA DE PROCESO :  2019/05/13                                                           ESTACION : 14015030  ESC NAVAL CIOH

    LATITUD    1023 N               TIPO EST    CP                   DEPTO      BOLIVAR                 FECHA-INSTALACION   1947-MAR
    LONGITUD   7532 W               ENTIDAD     01  IDEAM            MUNICIPIO  CARTAGENA               FECHA-SUSPENSION
    ELEVACION  0001 m.s.n.m         REGIONAL    02  ATLANTICO        CORRIENTE  MAR CARIBE

************************************************************************************************************************************
  A#O EST ENT ENERO *  FEBRE *  MARZO *  ABRIL *  MAYO  *  JUNIO *  JULIO *  AGOST *  SEPTI *  OCTUB *  NOVIE *  DICIE *  VR ANUAL *
************************************************************************************************************************************

MAXIMOS        36.1     36.0     35.0     36.0     36.0     38.6     36.8     36.0     35.6     34.7     36.0     36.0        38.6
MINIMOS        30.0     30.2     30.4     31.2     31.5     31.4     31.1     31.0     31.0     31.0     30.0     31.0        30.0                       I D E A M  -  INSTITUTO DE HIDROLOGIA, METEOROLOGIA Y ESTUDIOS AMBIENTALES
                                                                                                              SISTEMA DE INFORMACION
                                    VALORES MINIMOS MENSUALES DE TEMPERATURA (oC)                               NACIONAL AMBIENTAL

    FECHA DE PROCESO :  2019/05/13                                                           ESTACION : 14015030  ESC NAVAL CIOH

    LATITUD    1023 N               TIPO EST    CP                   DEPTO      BOLIVAR                 FECHA-INSTALACION   1947-MAR
    LONGITUD   7532 W               ENTIDAD     01  IDEAM            MUNICIPIO  CARTAGENA               FECHA-SUSPENSION
    ELEVACION  0001 m.s.n.m         REGIONAL    02  ATLANTICO        CORRIENTE  MAR CARIBE

************************************************************************************************************************************
  A#O EST ENT ENERO *  FEBRE *  MARZO *  ABRIL *  MAYO  *  JUNIO *  JULIO *  AGOST *  SEPTI *  OCTUB *  NOVIE *  DICIE *  VR ANUAL *
************************************************************************************************************************************

 1953  1  01                                                                  23.6     21.1     21.7     22.5     23.0        21.1 3
 1954  2  01            21.7     22.8     23.6     22.2     20.6              20.5     17.8     17.6     18.0                 17.6 3
 1955  2  01   17.1     20.5     20.6     22.2     21.1     21.1     21.1     20.5     20.0     20.0     20.6     20.5        17.1
 1956  2  01   20.0     21.7     20.6     22.2     20.0     20.0     20.0     21.1     20.0     19.8     19.5     19.0        19.0
 1957  4  05   20.0     20.0     21.7     20.0     24.3     21.1     22.8     22.8     21.7     20.6     23.9     23.3        20.0
 1958  2  01   23.9     23.6     21.1     24.4     21.7     22.2     20.6     22.2     20.0     19.4     20.6     20.0        19.4
 1959  4  08   17.8     18.9     21.1     20.5     20.0     19.8     21.1     21.7     22.2     20.0     21.7     23.1        17.8
 1960  2  01   22.8     21.1     21.6     21.1     15.5     22.7     16.6     20.5     20.5     21.1     20.6     21.1        15.5
 1961  1  01   21.1 3   19.9 3   21.1 3            22.8     22.8     22.2     22.3     23.3     22.8                          19.9 3
 1962  4  11                              19.0 3   18.0     17.0              19.0     18.0     24.0     23.7     18.0        17.0 3
 1963  4  11   19.0     18.0     19.0                                         24.0     23.0     24.0              20.6        18.0 3
 1964  4  11   21.0     20.0     21.0     22.5     24.0     23.0     21.0     23.0     22.5     21.5     20.0     20.4        20.0
 1965  4  11   20.0                                                  23.2     22.4     22.2     23.0     21.4     22.8        20.0 3
 1966  4  11   23.2     22.0     21.0     22.4     23.0     23.4     23.8     21.0     21.4     22.0     22.0                 21.0 3
 1968  4  11   19.4     21.4     22.4     22.7     23.0                                                                       19.4 3
 1969  2  01            23.0                       23.4     22.0     22.0     22.0     21.0     22.0     23.0     23.0        21.0 3
 1970  2  01   22.0     22.0     21.0     24.0     22.3     24.0     21.0     19.0     19.0     22.0     20.0     22.4        19.0
 1971  1  01   21.0              21.0                                                                                         21.0 3
 1972  2  01   17.4     17.0     19.0     29.8     18.9     19.4     19.8     19.0     20.2              23.4                 17.0 3
 1975  2  01                                                                                    20.0     22.2                 20.0 3
 1976  2  01                                                20.0              22.0                                            20.0 3
 1977  2  01   22.0              22.0                       19.0     19.0     20.0                       23.0 3               19.0 3
 1983  1  01                     20.0 3   18.6 3   18.3 3   17.8 3   21.0 3   19.7 3   20.4 3                     18.2 3      17.8 3
 1984  1  01   18.0 3            18.2 3   19.2 3   20.2 3            21.4 3   19.8 3   20.0 3   17.2 3                        17.2 3
 1985  1  01    *       21.4     19.4 3   19.2 3   25.2 3   25.0 3   22.6     21.5     22.5     19.8 3   17.2     17.2        17.2 3
 1986  1  01   17.0 3   17.4 3   19.2 3   19.0     21.1     22.2     20.4 3    *                          *       17.4 3      17.0 3
 1987  1  01   20.2              24.2 3   22.9 3   20.9 3   23.6              23.0 3                                          20.2 3
 1991  1  01                                                         20.6 3   20.5 3   22.2 3   23.1 3   21.7 3   18.8 3      18.8 3
 1992  1  01   19.6 3   17.5     20.4 3   19.0 3   19.8 3   20.2 3   19.6 3   23.0 3   24.0 3   21.0 3                        17.5 3
 1993  1  01                                                                           23.0 3   22.0     21.2 3   20.4        20.4 3
 1994  1  01   17.6 3   17.6     18.8 3   18.6     21.8 3   20.4 3   19.4     20.0 3   21.4     22.6     20.9     20.6        17.6 3
 1995  1  01   22.2     20.4 3   24.2 3   23.0     22.8 3   22.4 3   23.8 3   23.0     20.6 3   20.3     21.6 3   20.8        20.3 3
 1996  1  01   22.0 3   21.0 3   24.2     24.0     23.0     22.8 3   21.8 3   21.4 3   22.0 3   21.8 3   23.8 3   21.8 3      21.0 3
 1997  1  01   19.0 3   24.0 3   21.4 3   24.0 3   25.6 3   23.8 3   24.8     25.0     23.0 3   23.6 3   22.2 3   24.2 3      19.0 3
 1998  1  01   23.6 3            24.3 3                     23.0 3   20.8 3   23.0 3   21.6 3   23.6     24.5 3   19.5 3      19.5 3
 1999  1  01   20.0 3   18.4 3   21.4     22.8     23.4 3   23.0 3   22.2     23.0 3   23.0 3   23.0 3            22.5 3      18.4 3
 2000  1  01   21.0     22.0 3   21.2 3   22.0 3   24.0 3   24.0 3   22.3 3   24.0 3   23.0 3   22.4 3   23.0 3    *          21.0 3
 2001  1  01   22.6     20.2     22.4     24.0 3   24.2 3   23.1 3   23.0 3   22.2 3   23.8 3   23.2     23.0 3   23.8 3      20.2 3
 2002  1  01   20.6 3   22.4 3    *       24.0 3   23.0 3   23.2     23.2 3   24.6 3   19.0 3   23.0     24.6     23.4 3      19.0 3
 2003  1  01    *       24.0     22.0 3    *       23.9 3   20.8     22.2 3   21.2 3                                          20.8 3
 2004  1  01            23.0 3   23.0 3                      *                                                                23.0 3
 2005  1  01
 2006  1  01
 2008  1  01
 2010  1  01                                                                           23.6      *        *       23.0        23.0 3                       I D E A M  -  INSTITUTO DE HIDROLOGIA, METEOROLOGIA Y ESTUDIOS AMBIENTALES
                                                                                                              SISTEMA DE INFORMACION
                                    VALORES MINIMOS MENSUALES DE TEMPERATURA (oC)                               NACIONAL AMBIENTAL

    FECHA DE PROCESO :  2019/05/13                                                           ESTACION : 14015030  ESC NAVAL CIOH

    LATITUD    1023 N               TIPO EST    CP                   DEPTO      BOLIVAR                 FECHA-INSTALACION   1947-MAR
    LONGITUD   7532 W               ENTIDAD     01  IDEAM            MUNICIPIO  CARTAGENA               FECHA-SUSPENSION
    ELEVACION  0001 m.s.n.m         REGIONAL    02  ATLANTICO        CORRIENTE  MAR CARIBE

************************************************************************************************************************************
  A#O EST ENT ENERO *  FEBRE *  MARZO *  ABRIL *  MAYO  *  JUNIO *  JULIO *  AGOST *  SEPTI *  OCTUB *  NOVIE *  DICIE *  VR ANUAL *
************************************************************************************************************************************

 2011  1  01            22.6     22.8 3   24.0 3   20.4 3   23.3 3   23.4 3   22.2 3   21.8 3   23.0 3    *                   20.4 3
 2012  1  01                                                         22.0 3   23.2 3   19.0 3                                 19.0 3
 2013  1  01   19.3     21.0     22.8 3   23.0 3   22.8     24.2 3   25.0     23.1     23.8 3   23.2 3   23.8 3   23.4 3      19.3 3
 2014  1  01    *

MEDIOS         20.3     20.8     21.4     22.1     21.9     21.8     21.6     21.8     21.4     21.6     21.8     21.2        21.5
MAXIMOS        23.9     24.0     24.3     29.8     25.6     25.0     25.0     25.0     24.0     24.0     24.6     24.2        29.8
MINIMOS        17.0     17.0     18.2     18.6     15.5     17.0     16.6     19.0     17.8     17.2     17.2     17.2        15.5                       I D E A M  -  INSTITUTO DE HIDROLOGIA, METEOROLOGIA Y ESTUDIOS AMBIENTALES
                                                                                                              SISTEMA DE INFORMACION
                                    VALORES MEDIA-MINI MENSUALES DE TEMPERATURA (oC)                            NACIONAL AMBIENTAL

    FECHA DE PROCESO :  2019/05/13                                                           ESTACION : 14015030  ESC NAVAL CIOH

    LATITUD    1023 N               TIPO EST    CP                   DEPTO      BOLIVAR                 FECHA-INSTALACION   1947-MAR
    LONGITUD   7532 W               ENTIDAD     01  IDEAM            MUNICIPIO  CARTAGENA               FECHA-SUSPENSION
    ELEVACION  0001 m.s.n.m         REGIONAL    02  ATLANTICO        CORRIENTE  MAR CARIBE

************************************************************************************************************************************
  A#O EST ENT ENERO *  FEBRE *  MARZO *  ABRIL *  MAYO  *  JUNIO *  JULIO *  AGOST *  SEPTI *  OCTUB *  NOVIE *  DICIE *  VR ANUAL *
************************************************************************************************************************************

 1953  1  01                                                                  24.7     23.7     23.9     24.0     23.9        24.0 3
 1954  2  01   22.1 3   23.5     24.3     24.7     25.2     24.4              23.2     22.3     21.0     22.1                 23.3 3
 1955  2  01   22.2     22.6     22.3     23.8     24.4     24.1     23.9     23.4     22.0     21.1     21.7     21.4        22.7
 1956  2  01   21.5     22.8     23.0     24.9     22.7     22.1     22.0     23.3 3   23.4     21.7     21.0     22.0        22.5 3
 1957  4  05   22.4     22.2     24.8     23.9     26.8     25.4     25.5     25.6     25.3     24.6     24.8     24.6        24.7
 1958  2  01   25.4     25.5     25.7     25.9     25.3     25.1     23.6     23.6     23.3     22.2     21.9     21.1        24.1
 1959  4  08   20.5     20.5     22.2     23.4     23.3     23.1     23.3     23.6     24.1     23.5     24.3     24.3        23.0
 1960  2  01   23.0     23.5     25.1     25.3              25.5     18.1     22.7     22.2     21.5     21.7     21.5        22.7 3
 1961  1  01   21.7 3   23.0 3   23.5 3            24.7     24.5     23.7     24.5     24.9     24.6                          23.9 3
 1962  4  11                              19.8 3   22.0                       20.6     25.3     25.9     25.8     20.6        22.9 3
 1963  4  11   23.5     20.2     24.6                                         25.7     24.2     26.7              25.3        24.3 3
 1964  4  11   23.6     23.7     23.3     24.9     25.4     25.2     24.7     24.5     24.2     24.0     23.6     22.1        24.1
 1965  4  11   22.0                                                  24.9     24.9     24.8     24.8     24.2     24.2        24.3 3
 1966  4  11   24.6     23.9     23.3     25.4     25.0     24.8     25.0     24.7     24.5     24.6     25.1                 24.6 3
 1968  4  11   21.8     23.8     23.3     23.4     23.6                                                                       23.2 3
 1969  2  01            23.3                       25.7     25.3     24.9     24.7     24.7     24.4     24.6     24.0        24.6 3
 1970  2  01   23.4     23.8     24.0     25.0     24.9     25.5     22.8     22.1     23.0     24.1     23.9     23.8        23.9
 1971  1  01   23.1              23.0                                                                                         23.1 3
 1972  2  01   20.7     19.5     20.3     20.4     20.1     21.2     20.8     20.4     22.2              24.9                 21.1 3
 1975  2  01                                       25.5                                         22.6     23.4     22.7        23.6 3
 1976  2  01                                                22.1              24.8                                            23.5 3
 1977  2  01   24.1              24.2                       20.4     21.0     23.0                       23.7 3               22.7 3
 1983  1  01                     24.4 3   23.2 3   24.7 3   24.4 3   24.6 3   23.3 3   22.9 3                     21.4 3      23.6 3
 1984  1  01   22.6 3            22.4 3   23.0 3   24.2 3            24.2 3   23.9 3   23.6 3   22.3 3                        23.3 3
 1985  1  01    *       23.7     23.4 3   25.4 3   26.7 3   26.3 3   25.4     24.5     24.9     24.5 3   22.9     21.9        24.5 3
 1986  1  01   22.0 3   21.6 3   23.4 3   24.0     24.3     24.6     24.6 3    *                          *       22.0 3      23.3 3
 1987  1  01   22.8              25.7 3   24.3 3   24.7 3   25.8              25.5 3                                          24.8 3
 1991  1  01                                                         24.3 3   24.7 3   25.1 3   25.1 3   24.9 3   23.1 3      24.5 3
 1992  1  01   22.5 3   23.1     23.6 3   24.1 3   23.6 3   23.7 3   23.0 3   25.6 3   25.8 3   25.3 3                        24.0 3
 1993  1  01                                                                           25.3 3   25.5     24.9 3   23.0        24.7 3
 1994  1  01   22.0 3   22.7     23.5 3   24.2     25.0 3   25.2 3   23.6     24.6 3   25.3     24.8     25.0     24.2        24.2 3
 1995  1  01   24.2     24.2 3   25.4 3   26.0     26.2 3   25.7 3   25.6 3   24.6     25.3 3   24.9     25.2 3   24.7        25.2 3
 1996  1  01   24.4 3   24.6 3   25.1     25.8     25.4     25.7 3   24.8 3   25.2 3   24.6 3   25.2 3   25.2 3   24.2 3      25.0 3
 1997  1  01   23.0 3   24.6 3   24.0 3   25.3 3   26.4 3   25.9 3   26.0     26.4     26.5 3   26.2 3   25.4 3   25.5 3      25.4 3
 1998  1  01   25.1 3            25.4 3                     26.1 3   25.9 3   25.7 3   25.0 3   25.5     25.5 3   24.9 3      25.5 3
 1999  1  01   23.8 3   21.3 3   24.8     25.4     25.8 3   25.2 3   25.2     24.8 3   24.9 3   24.7 3            24.4 3      24.6 3
 2000  1  01   23.3     23.4 3   23.7 3   25.0 3   25.6 3   25.6 3   25.0 3   26.3 3   25.5 3   25.4 3   25.1 3    *          24.9 3
 2001  1  01   24.3     22.9     24.6     25.2 3   26.6 3   25.7 3   25.4 3   26.1 3   26.1 3   25.4     25.6 3   25.8 3      25.3 3
 2002  1  01   24.4 3   24.2 3    *       25.6 3   26.0 3   26.1     25.8 3   26.2 3   24.2 3   25.9     25.8     25.2 3      25.4 3
 2003  1  01    *       24.9     24.7 3    *       26.0 3   25.4     25.7 3   25.5 3                                          25.4 3
 2004  1  01            24.2 3   24.4 3                      *                                                                24.3 3
 2005  1  01
 2006  1  01
 2010  1  01                                                                           24.7      *        *       24.6        24.7 3
 2011  1  01            23.7     23.8 3   25.5 3   25.3 3   26.1 3   25.4 3   25.0 3   25.4 3   24.7 3    *                   25.0 3                       I D E A M  -  INSTITUTO DE HIDROLOGIA, METEOROLOGIA Y ESTUDIOS AMBIENTALES
                                                                                                              SISTEMA DE INFORMACION
                                    VALORES MEDIA-MINI MENSUALES DE TEMPERATURA (oC)                            NACIONAL AMBIENTAL

    FECHA DE PROCESO :  2019/05/13                                                           ESTACION : 14015030  ESC NAVAL CIOH

    LATITUD    1023 N               TIPO EST    CP                   DEPTO      BOLIVAR                 FECHA-INSTALACION   1947-MAR
    LONGITUD   7532 W               ENTIDAD     01  IDEAM            MUNICIPIO  CARTAGENA               FECHA-SUSPENSION
    ELEVACION  0001 m.s.n.m         REGIONAL    02  ATLANTICO        CORRIENTE  MAR CARIBE

************************************************************************************************************************************
  A#O EST ENT ENERO *  FEBRE *  MARZO *  ABRIL *  MAYO  *  JUNIO *  JULIO *  AGOST *  SEPTI *  OCTUB *  NOVIE *  DICIE *  VR ANUAL *
************************************************************************************************************************************

 2012  1  01                                                         25.9 3   26.1 3   25.8 3                                 25.9 3
 2013  1  01   22.1     23.3     25.0 3   25.6 3   25.7     26.2 3   26.1     25.4     25.8 3   25.5 3   25.7 3   24.9 3      25.1 3
 2014  1  01    *

MEDIOS         23.0     23.1     23.9     24.4     24.9     24.8     24.3     24.5     24.5     24.3     24.2     23.5        24.1
MAXIMOS        25.4     25.5     25.7     26.0     26.8     26.3     26.1     26.4     26.5     26.7     25.8     25.8        26.8
MINIMOS        20.5     19.5     20.3     19.8     20.1     20.4     18.1     20.4     22.0     21.0     21.0     20.6        18.1                       I D E A M  -  INSTITUTO DE HIDROLOGIA, METEOROLOGIA Y ESTUDIOS AMBIENTALES
                                                                                                              SISTEMA DE INFORMACION
                                    VALORES MEDIA-MAXI MENSUALES DE TEMPERATURA (oC)                            NACIONAL AMBIENTAL

    FECHA DE PROCESO :  2019/05/13                                                           ESTACION : 14015030  ESC NAVAL CIOH

    LATITUD    1023 N               TIPO EST    CP                   DEPTO      BOLIVAR                 FECHA-INSTALACION   1947-MAR
    LONGITUD   7532 W               ENTIDAD     01  IDEAM            MUNICIPIO  CARTAGENA               FECHA-SUSPENSION
    ELEVACION  0001 m.s.n.m         REGIONAL    02  ATLANTICO        CORRIENTE  MAR CARIBE

************************************************************************************************************************************
  A#O EST ENT ENERO *  FEBRE *  MARZO *  ABRIL *  MAYO  *  JUNIO *  JULIO *  AGOST *  SEPTI *  OCTUB *  NOVIE *  DICIE *  VR ANUAL *
************************************************************************************************************************************

 1953  1  01                                                                  32.4     32.1     31.9     32.3     32.0        32.1 3
 1954  2  01   30.5 3   29.8     30.9     31.1     32.1     31.8              32.1     31.9     31.0     31.6                 31.3 3
 1955  2  01   30.2     30.5     30.0     30.7     31.2     31.1     30.7     31.3     30.5     29.8     32.0     31.0        30.8
 1956  2  01   28.5     28.6     28.3     30.7     30.6     30.8     30.6     31.1     31.0     29.1     29.8     30.9        30.0
 1957  4  05   33.9     30.0     30.3     29.4     30.1     31.8     32.1     32.6     32.4     32.3     32.4     31.5        31.6
 1958  2  01   31.5     30.5     31.8     32.1     31.9     33.2     32.8     32.5     33.2     32.5     32.7     32.0        32.2
 1959  4  08   31.1     29.7     30.2     30.9     31.3     32.0     32.0     32.8     32.5     31.8     31.8     31.9        31.5
 1960  2  01   31.2     31.7     28.6     31.7     32.6     33.3     33.4     33.7     33.6     32.8     33.6     33.4        32.5
 1961  1  01   33.2 3   31.0 3   30.5 3            30.7     30.4     30.3     30.6     29.8     29.0                          30.6 3
 1962  4  11                              33.0 3   32.3     32.8              34.1     31.0     30.7     31.0     32.8        32.2 3
 1963  4  11   32.7     33.5     33.2                                         29.0     26.3     29.9              30.4        30.7 3
 1964  4  11   30.8     30.8     31.6     32.0     31.2     31.2     31.0     31.0     30.5     30.0     30.4     31.0        31.0
 1965  4  11   30.1                                                  32.1     31.6     31.6     31.0     30.1     31.1        31.1 3
 1966  4  11   31.4     31.2     30.2     31.0     31.0     30.5     30.9     31.1     30.6     29.8     30.4     30.0        30.7
 1968  4  11   31.1     30.9     31.4     30.5     30.7                                                                       30.9 3
 1969  2  01            30.5                       31.6     30.8     30.8     29.8     30.2     29.9     29.6     30.2        30.4 3
 1970  2  01   30.0     30.8     30.8     31.1     31.0     31.4     33.8     31.0     29.7 3   29.5     29.3 3   29.7        30.7 3
 1971  1  01   29.4 3            30.5                                                                                         30.0 3
 1972  2  01   31.3     32.0     32.2     31.6     31.8     32.3     32.2     32.2     32.2              31.8     31.6        31.9 3
 1973  2  01   32.3                                                                                                           32.3 3
 1975  2  01                     29.8                                                           29.5     30.0     29.8        29.8 3
 1976  2  01   29.9     29.5     29.8     29.9     31.0     30.6     31.3     31.4              30.5     31.6     30.7        30.6 3
 1977  2  01   30.1     30.3     30.4              30.6     31.0     31.0     30.8     31.4              30.7 3               30.7 3
 1983  1  01                     31.1 3   31.7 3   32.2 3   32.1 3   33.2 3   33.2 3   32.6 3                                 32.3 3
 1984  1  01   29.1 3                              31.5 3   31.0 3   30.8 3   31.2 3   30.5 3   30.5 3                        30.7 3
 1985  1  01   29.6     30.1     29.9 3   29.9     31.0     31.7 3   31.9     31.5                       31.3     30.1        30.7 3
 1987  1  01                     30.6 3                     31.6                                                              31.1 3
 1991  1  01                                                         31.0     30.9     30.4     30.4 3   30.4 3   30.1 3      30.5 3
 1992  1  01   30.1 3   30.4 3   30.1 3   30.4 3   31.3 3   31.7     31.0 3   30.9     30.7 3   30.6 3   30.8     31.0        30.8 3
 1993  1  01   30.2     30.2 3   30.3 3   31.0 3   30.8     31.5 3   31.3     31.6 3   30.4 3   30.9 3   29.8 3   30.1 3      30.7 3
 1994  1  01   29.5 3   29.2 3   30.1 3   30.2 3   30.7     30.5 3   30.8 3   30.5 3   30.4 3   29.5 3   29.6 3   29.7 3      30.1 3
 2000  1  01   29.0 3                              30.2 3   29.8 3   29.9 3   30.9 3   30.5 3   30.7     30.8 3    *          30.2 3
 2001  1  01   30.4     29.9     29.8     30.5 3   30.3 3   31.4 3   31.2 3   31.8 3   30.6 3   31.3 3   30.4 3   30.5 3      30.7 3
 2002  1  01   31.1 3   30.0 3   30.7 3   30.7     31.4 3   30.6 3                              30.2     31.3     30.9 3      30.8 3
 2003  1  01   30.5     30.7     30.3 3    *       31.2 3   30.5     30.7 3   30.8 3            29.8 3   30.6 3    *          30.6 3
 2004  1  01    *       30.4     30.8 3                      *                                                                30.6 3
 2005  1  01    *
 2006  1  01                                                          *
 2008  1  01                                                                                                       *
 2010  1  01                                                                  32.3     32.3                                   32.3 3
 2011  1  01                              30.3 3   30.5 3   30.9     30.4     30.7 3   30.6     29.7 3   29.9 3   30.4 3      30.4 3
 2012  1  01   30.3     30.3 3   30.7     30.5 3   31.4     31.8     32.3 3   31.2 3   31.6 3                                 31.1 3
 2013  1  01   31.1 3   30.8     31.3     31.1     31.2     31.4     31.4     31.0     30.8      *       31.4 3   31.1 3      31.1 3
 2014  1  01   31.2 3                                                                                                         31.2 3

MEDIOS         30.7     30.5     30.5     30.9     31.2     31.4     31.5     31.5     31.1     30.5     30.9     30.9        31.0                       I D E A M  -  INSTITUTO DE HIDROLOGIA, METEOROLOGIA Y ESTUDIOS AMBIENTALES
                                                                                                              SISTEMA DE INFORMACION
                                    VALORES MEDIA-MAMENSUALES DE TEMPERATURA (oC)                               NACIONAL AMBIENTAL

    FECHA DE PROCESO :  2019/05/13                                                           ESTACION : 14015030  ESC NAVAL CIOH

    LATITUD    1023 N               TIPO EST    CP                   DEPTO      BOLIVAR                 FECHA-INSTALACION   1947-MAR
    LONGITUD   7532 W               ENTIDAD     01  IDEAM            MUNICIPIO  CARTAGENA               FECHA-SUSPENSION
    ELEVACION  0001 m.s.n.m         REGIONAL    02  ATLANTICO        CORRIENTE  MAR CARIBE

************************************************************************************************************************************
  A#O EST ENT ENERO *  FEBRE *  MARZO *  ABRIL *  MAYO  *  JUNIO *  JULIO *  AGOST *  SEPTI *  OCTUB *  NOVIE *  DICIE *  VR ANUAL *
************************************************************************************************************************************

MAXIMOS        33.9     33.5     33.2     33.0     32.6     33.3     33.8     34.1     33.6     32.8     33.6     33.4        34.1
MINIMOS        28.5     28.6     28.3     29.4     30.1     29.8     29.9     29.0     26.3     29.0     29.3     29.7        26.3                       I D E A M  -  INSTITUTO DE HIDROLOGIA, METEOROLOGIA Y ESTUDIOS AMBIENTALES
                                                                                                              SISTEMA DE INFORMACION
                                    VALORES TOTALES MENSUALES DE PRECIPITACION (mms)                            NACIONAL AMBIENTAL

    FECHA DE PROCESO :  2019/05/13                                                           ESTACION : 14015030  ESC NAVAL CIOH

    LATITUD    1023 N               TIPO EST    CP                   DEPTO      BOLIVAR                 FECHA-INSTALACION   1947-MAR
    LONGITUD   7532 W               ENTIDAD     01  IDEAM            MUNICIPIO  CARTAGENA               FECHA-SUSPENSION
    ELEVACION  0001 m.s.n.m         REGIONAL    02  ATLANTICO        CORRIENTE  MAR CARIBE

************************************************************************************************************************************
  A#O EST ENT ENERO *  FEBRE *  MARZO *  ABRIL *  MAYO  *  JUNIO *  JULIO *  AGOST *  SEPTI *  OCTUB *  NOVIE *  DICIE *  VR ANUAL *
************************************************************************************************************************************

 1947  4  05                      5.5      1.0       .3 3   97.9     30.5      *       41.2     91.8                         268.2 3
 1948  4  05              .0       .0      *        9.3     18.9     13.0       .7 3   58.2                                  100.1 3
 1953  4  05                                                                   8.3     52.9    104.4     60.7       .3 3     226.6 3
 1954  2  01     .0       .0       .0      1.5    262.2    170.0              61.9     82.4    361.4    168.0               1107.4 3
 1955  4  05     .0       .0       .6       .0     33.5 3   71.9     54.8     20.4    144.0    271.6     40.1       .0       636.9 3
 1956  2  01     .0       .0      1.3      7.8     26.5    150.4     60.3     28.0     89.6     26.3     58.8       .0       449.0
 1957  4  05     .0       .0       .0       .9     16.9     16.0     47.9     46.0     17.7     47.9     33.3       .0       226.6
 1958  2  01                                                         93.5    127.5     93.0    165.9     15.1       .0       495.0 3
 1959  4  08     .0       .0       .0     45.0     57.5                                                                      102.5 3
 1960  2  01    1.0       .0       .0     56.9     98.4    100.3    114.0    121.4    130.4    104.4    195.6     54.0       976.4
 1961  2  01     .0       .0       .0                .0     56.2     40.6     95.4    159.0    140.5    108.0                599.7 3
 1963  4  11     .0       .0       .0     45.0     25.3     50.5    158.0     19.0    157.0     49.0    345.0                848.8 3
 1964  4  11     .0       .0       .0     43.9    106.6    166.8    222.6    118.1     51.5    259.2     25.1       .0       993.8
 1965  4  11     .3       .0       .3       .0     84.0     55.6      4.9     70.7    113.7 3  284.6 3  225.2 3     .0       839.3 3
 1966  2  01     .0       .0       .0     13.6 3   34.7 3   82.7     68.3 3  175.5 3  120.5 3  114.7     85.2      9.4       704.6 3
 1967  4  11     .0       .0                                                 182.7    205.6    212.0 3   49.9 3    6.0 3     656.2 3
 1968  4  11     .0       .0                .0     48.4     69.6      5.4    133.9 3  108.3    185.1 3   50.7     11.6       613.0 3
 1969  2  01     .0       .0              57.1     44.7 3  120.7 3  112.2     85.9 3                    280.0                700.6 3
 1970  2  01    7.8       .0      5.4     10.6 3   86.5    146.7    127.2    127.1 3  240.2 3  315.6     67.6 3  167.0      1301.7 3
 1971  2  01    1.3                .0                       78.5                                                              79.8 3
 1972  2  01     .0       .0      7.1     58.4    144.7     69.1     11.2 3   25.4    155.6 3  161.0     81.2 3     .3       714.0 3
 1973  2  01     .3 3     .4       .6     50.4     99.0 3    *                                                               150.7 3
 1974  2  01                                        *       31.6 3   81.9 3   39.0 3   82.8 3  344.9     41.7 3              621.9 3
 1975  2  01              .0 3     .5 3             *       31.6 3    *      161.8    144.3    280.5    179.6     44.6       842.9 3
 1976  2  01     .0       .0       .0     15.9     59.8     66.8      3.3     67.3    164.5    207.8     38.2       .0       623.6
 1977  2  01     .0       .0     16.0     13.0 3   73.3 3   72.5     21.5     96.4     37.5             100.2 3              430.4 3
 1981  2  01   18.8 3     .0 3    7.0     46.4     97.3    105.9    149.3 3  147.0    169.6    321.9     42.8     73.2      1179.2 3
 1982  2  01   88.6       .0       .0     25.3                                                                               113.9 3
 1983  2  01     .0       .0       .0     17.3     23.3     54.5     42.1     25.0    141.3      1.6     24.5      4.1       333.7
 1984  2  01     .0       .0       .0      6.4     84.5 3   86.3    141.2 3  101.3    120.5 3  149.0 3   82.9 3     .0       772.1 3
 1985  2  01     .0       .0       .0       .0     42.4     60.5    134.8    166.6    114.0    165.8     16.5    171.1       871.7
 1986  2  01     .0       .0       .0      7.1     23.0     59.2     32.0     45.8     17.9    154.3     23.4     48.8       411.5
 1987  1  01    2.8       .0       .0     41.4    168.8     81.1     42.0      *                                             336.1 3
 1991  1  01                                                         16.4 3   18.8    163.2     43.9    117.1      7.0       366.4 3
 1992  1  01     .0       .0       .0      2.8     61.9    103.3     11.0     12.8     10.1      9.9     28.1      5.6       245.5
 1993  1  01   17.3       .0       .0      8.8    169.2     69.2 3   37.1     26.4    189.1     73.9    146.5 3   13.3       750.8 3
 1994  1  01     .0       .0      3.4      8.8    102.3      8.0     54.3     48.9    145.7    215.1 3  225.4      2.3       814.2 3
 1995  1  01     .0       .0       .0     57.1    123.8 3   74.4    383.0    250.5 3   44.3    260.5     80.1      1.4      1275.1 3
 1996  1  01     .0       .0      4.8      6.3    185.5     78.8    115.6 3  113.6    108.9    171.3    119.2       .0 3     904.0 3
 1997  1  01     .0      9.3       .0     13.7     21.7 3  202.0     19.9     52.6    126.2    167.6 3  356.7       .0       969.7 3
 1998  1  01     .0 3     .0       .8     25.0    119.5 3   60.9 3   84.0    244.8    195.6    133.3 3                       863.9 3
 1999  1  01     .0      1.7 3    1.4     29.6    160.1     98.1     85.6    267.1    156.2    299.5    194.3    191.7      1485.3 3
 2000  1  01    1.0       .0       .0      5.7 3   57.6    157.4    242.1     66.0     99.0    104.2     35.0     19.8       787.8 3
 2001  1  01    2.6       .0       .0      6.2     31.2     37.9     77.0 3   60.8     69.8    216.2    132.6     48.0       682.3 3
 2002  1  01     .0       .0       .0     22.0     94.5     92.9    178.5     65.7     51.5    106.5 3   52.0       .0       663.6 3                       I D E A M  -  INSTITUTO DE HIDROLOGIA, METEOROLOGIA Y ESTUDIOS AMBIENTALES
                                                                                                              SISTEMA DE INFORMACION
                                    VALORES TOTALES MENSUALES DE PRECIPITACION (mms)                            NACIONAL AMBIENTAL

    FECHA DE PROCESO :  2019/05/13                                                           ESTACION : 14015030  ESC NAVAL CIOH

    LATITUD    1023 N               TIPO EST    CP                   DEPTO      BOLIVAR                 FECHA-INSTALACION   1947-MAR
    LONGITUD   7532 W               ENTIDAD     01  IDEAM            MUNICIPIO  CARTAGENA               FECHA-SUSPENSION
    ELEVACION  0001 m.s.n.m         REGIONAL    02  ATLANTICO        CORRIENTE  MAR CARIBE

************************************************************************************************************************************
  A#O EST ENT ENERO *  FEBRE *  MARZO *  ABRIL *  MAYO  *  JUNIO *  JULIO *  AGOST *  SEPTI *  OCTUB *  NOVIE *  DICIE *  VR ANUAL *
************************************************************************************************************************************

 2003  1  01     .0       .0       .0     38.2     71.6    260.1     91.1     31.0 3  152.8    121.5    132.6    106.0      1004.9 3
 2004  1  01                                      155.5     76.4    126.2    110.4    194.9 3  231.5    412.2       .0      1307.1 3
 2005  1  01     .0       .0       .0       .0    229.8 3  131.9     30.7     67.4    132.7    150.8 3                       743.3 3
 2006  1  01     .0       .0     20.0     28.2 3           101.7    141.8    180.0     32.7    216.2    107.8     13.0       841.4 3
 2007  1  01     .0       .0       .0     95.8 3  185.0     26.2    127.5    180.8    192.4 3  271.8     53.9       .0      1133.4 3
 2008  1  01     .0       .0       .0     18.8     64.1     92.0     86.8    243.2    196.1    100.9    190.4       .3       992.6
 2009  1  01     .0       .0 3     .9       .0     16.2 3   97.1    100.4     65.3     30.3    217.1     82.4       .0       609.7 3
 2010  1  01     .0       .0     19.0     39.2    180.7    284.7    334.3    301.3    145.8    330.1    549.3    259.6      2444.0
 2011  1  01     .0       .0       .0     29.9     55.4    155.6    258.9     97.2    275.0    540.3    257.7    177.8      1847.8
 2012  1  01     .0 3     .0 3     .0 3   16.3    126.3     85.9     55.2    191.3    187.9    249.8     87.3      2.5      1002.5 3
 2013  1  01     .0       .0       .0       .0     93.0    115.6     75.0    131.0     97.8    127.8     70.0     39.2       749.4
 2014  1  01     .0                                                                                                            0.0 3

MEDIOS          2.9      0.2      2.0     22.1     86.3     93.5     94.7    102.5    120.2    185.0    124.9     36.0       870.4
MAXIMOS        88.6      9.3     20.0     95.8    262.2    284.7    383.0    301.3    275.0    540.3    549.3    259.6       549.3
MINIMOS         0.0      0.0      0.0      0.0      0.0      8.0      3.3      0.7     10.1      1.6     15.1      0.0         0.0                       I D E A M  -  INSTITUTO DE HIDROLOGIA, METEOROLOGIA Y ESTUDIOS AMBIENTALES
                                                                                                              SISTEMA DE INFORMACION
                                    VALORES No DIAS MENSUALES DE PRECIPITACION                                  NACIONAL AMBIENTAL

    FECHA DE PROCESO :  2019/05/13                                                           ESTACION : 14015030  ESC NAVAL CIOH

    LATITUD    1023 N               TIPO EST    CP                   DEPTO      BOLIVAR                 FECHA-INSTALACION   1947-MAR
    LONGITUD   7532 W               ENTIDAD     01  IDEAM            MUNICIPIO  CARTAGENA               FECHA-SUSPENSION
    ELEVACION  0001 m.s.n.m         REGIONAL    02  ATLANTICO        CORRIENTE  MAR CARIBE

************************************************************************************************************************************
  A#O EST ENT ENERO *  FEBRE *  MARZO *  ABRIL *  MAYO  *  JUNIO *  JULIO *  AGOST *  SEPTI *  OCTUB *  NOVIE *  DICIE *  VR ANUAL *
************************************************************************************************************************************

 1947  4  05                        1        1        2 3      7        4      *          9        9                           33  3
 1948  4  05               0        0      *          9        6       11        1 3      9                                    36  3
 1953  4  05                                                                     1       12       13        9        1 3       36  3
 1954  2  01      0        0        0        1       10       10                 7       10       19       10                  67  3
 1955  4  05      0        0        1        0        4 3      8        9        5        7       12        7        0         53  3
 1956  2  01      0        0        2        3        4        8        6        3        5        5       10        0         46
 1957  4  05      0        0        0        1        6        5       11       10        7       10        1        0         51
 1958  2  01                                                            9        9       10       16        6        0         50  3
 1959  4  08      0        0        0        2        3                                                                         5  3
 1960  2  01      1        0        0        4       10        9       10       11        8        6        9        4         72
 1963  4  11      0        0        0        1        6        3        8        1       10        4        9                  42  3
 1964  4  11      0        0        0        2        7       17       17       15       16       20        6        0        100
 1965  4  11      1        0        1        0       11        8        7       11       13 3     11 3     15 3      0         78  3
 1966  2  01      0        0        0        1 3     12 3     16       11 3     12 3     12 3     16       13        4         97  3
 1967  4  11      0        0                                                    12       13       17 3      9 3      3 3       54  3
 1968  4  11      0        0                 0       10        7        4       12 3     16       19 3      9        2         79  3
 1969  2  01      0        0                 5        6 3     14 3     11       14 3                       16                  66  3
 1970  2  01      3        0        2        4 3     13        9       13       22 3     15 3     20       12 3     10        123  3
 1971  2  01      2                 0                          7                                                                9  3
 1972  2  01      0        0        2        9       12        9        3        5       11       10       12        2         75
 1973  2  01      3 3      2        3        2        6 3                                                                      16  3
 1974  2  01                                        *          7 3      8 3      8 3     15 3     16        9 3                63  3
 1975  2  01               0 3      2 3             *          8 3    *         17       17       22       13        5         84  3
 1976  2  01      0        0        0        3        7       11        2        7       10       16        6        0         62
 1977  2  01      0        0        1        2 3      5 3     10        5        7        6                 6 3                42  3
 1981  2  01      6 3      0 3      1        6       10       16        8 3     13       11       14        6        6         97  3
 1982  2  01      4        0        0        2                                                                                  6  3
 1983  2  01      0        0        0        2        2        8        6        6        6        1        5        2         38
 1984  2  01      0        0        0        1        5 3      4        6 3      9        9 3     10 3      9 3      0         53  3
 1985  2  01      0        0        0        0        5       11       10       12       14       12        7        6         77
 1986  2  01      0        0        0        2        7        8        3        9        7       16        1        3         56
 1987  1  01      1        0        0        5       16        9        9      *                                               40  3
 1991  1  01                                                            5 3     10        5       13       11        1         45  3
 1992  1  01      0        0        0        1        9       13        1        1        3        4        5        3         40
 1993  1  01      1        0        0        5       15        9 3      7        9       14       10       12 3      2         84  3
 1994  1  01      0        0        2        1       13        6        8       13       14       14 3     13        1         85  3
 1995  1  01      0        0        0        6       10 3     10       18       15 3     13       15       10        4        101  3
 1996  1  01      0        0        1        1       12       11       10 3     15       12       12       12        0 3       86  3
 1997  1  01      0        2        0        4        6 3     14        6        4       13       13 3     15        0         77  3
 1998  1  01      0 3      0        1        1        8 3     10 3     13       17       16       12 3                         78  3
 1999  1  01      0        1 3      2        5       11       11       13       18       22       19       17       12        131  3
 2000  1  01      1        0        0        3 3      8       10       14       13       17       15        7        7         95  3
 2001  1  01      2        0        0        1        8        5        9 3      7       13       11       10        8         74  3
 2002  1  01      0        0        0        1        6        9        7        9       11       10 3      5        0         58  3
 2003  1  01      0        0        0        4        6       15        8        8 3      8       11        6        5         71  3                       I D E A M  -  INSTITUTO DE HIDROLOGIA, METEOROLOGIA Y ESTUDIOS AMBIENTALES
                                                                                                              SISTEMA DE INFORMACION
                                    VALORES No DIAS MENSUALES DE PRECIPITACION                                  NACIONAL AMBIENTAL

    FECHA DE PROCESO :  2019/05/13                                                           ESTACION : 14015030  ESC NAVAL CIOH

    LATITUD    1023 N               TIPO EST    CP                   DEPTO      BOLIVAR                 FECHA-INSTALACION   1947-MAR
    LONGITUD   7532 W               ENTIDAD     01  IDEAM            MUNICIPIO  CARTAGENA               FECHA-SUSPENSION
    ELEVACION  0001 m.s.n.m         REGIONAL    02  ATLANTICO        CORRIENTE  MAR CARIBE

************************************************************************************************************************************
  A#O EST ENT ENERO *  FEBRE *  MARZO *  ABRIL *  MAYO  *  JUNIO *  JULIO *  AGOST *  SEPTI *  OCTUB *  NOVIE *  DICIE *  VR ANUAL *
************************************************************************************************************************************

 2004  1  01                                         12        7       14       10       13 3     18       16        0         90  3
 2005  1  01      0        0        0        0       13 3     13        2        7        7        9 3                         51  3
 2006  1  01      0        0        1        4 3               9       13       13        8       18        8        2         76  3
 2007  1  01      0        0        0        4 3     14       10        9       14        8 3     22        4        0         85  3
 2008  1  01      0        0        0        2        9        8       13       16       15       14       10        1         88
 2009  1  01      0        0 3      1        0        7 3      9        7        7        9       11       12        0         63  3
 2010  1  01      0        0        3        4        9       17       17       18       18       18       26        7        137
 2011  1  01      0        0        0        6        7       14       17       11       16       22       20       10        123
 2012  1  01      0 3      0 3      0 3      3        8        6        6       19       11       18        8        2         81  3
 2013  1  01      0        0        0        0       10        9       10       12       11       11       12        2         77
 2014  1  01      0                                                                                                             0  3

MEDIOS            1        0        1        3        8       10        9       10       11       13       10        3         78
MAXIMOS           6        2        3        9       16       17       18       22       22       22       26       12        26.0
MINIMOS           0        0        0        0        2        3        1        1        3        1        1        0         0.0                       I D E A M  -  INSTITUTO DE HIDROLOGIA, METEOROLOGIA Y ESTUDIOS AMBIENTALES
                                                                                                              SISTEMA DE INFORMACION
                                    VALORES MAXIMOS MENSUALES DE PRECIPITACION (mms)                            NACIONAL AMBIENTAL
                                                    EN 24 HORAS
    FECHA DE PROCESO :  2019/05/13                                                           ESTACION : 14015030  ESC NAVAL CIOH

    LATITUD    1023 N               TIPO EST    CP                   DEPTO      BOLIVAR                 FECHA-INSTALACION   1947-MAR
    LONGITUD   7532 W               ENTIDAD     01  IDEAM            MUNICIPIO  CARTAGENA               FECHA-SUSPENSION
    ELEVACION  0001 m.s.n.m         REGIONAL    02  ATLANTICO        CORRIENTE  MAR CARIBE

************************************************************************************************************************************
  A#O EST ENT ENERO *  FEBRE *  MARZO *  ABRIL *  MAYO  *  JUNIO *  JULIO *  AGOST *  SEPTI *  OCTUB *  NOVIE *  DICIE *  VR ANUAL *
************************************************************************************************************************************

 1947  4  05                      5.5      1.0       .2 3   35.5     13.8      *       14.2     37.6                          37.6 3
 1948  4  05              .0       .0      *        2.6      9.6      3.4       .7 3   18.4                                   18.4 3
 1953  4  05                                                                   8.3     26.9     42.5     37.4       .3 3      42.5 3
 1954  4  05     .0 3     .0       .0      1.5    169.8     75.5              26.2     45.8     49.1     78.8                169.8 3
 1955  4  05     .0       .0       .6       .0     16.1 3   15.0     10.0      9.5     39.0     90.0     20.0       .0        90.0 3
 1956  2  01     .0       .0       .8      7.2     10.0     70.7     29.0     24.0     39.0      8.3      9.8       .0        70.7
 1957  4  05     .0       .0       .0       .9      9.4      8.7     22.6     11.9      5.6     14.9     33.3       .0        33.3
 1958  2  01                                                         25.5     30.5     66.0     48.0      7.5       .0        66.0 3
 1959  4  08     .0       .0       .0     44.0     35.5                                                                       44.0 3
 1960  2  01    1.0       .0              35.0     40.0     43.0     23.2     35.2     74.0     33.0    122.0     33.6       122.0 3
 1961  2  01     .0       .0       .0                .0     30.4     86.0     47.0     60.0     31.0                          86.0 3
 1963  4  11     .0       .0       .0     45.0      8.0     33.0     42.0     19.0     33.0     21.0    110.0                110.0 3
 1964  4  11     .0       .0       .0     41.8     48.7     95.7     61.0     42.5     22.9     55.3      9.5       .0        95.7
 1965  4  11     .3       .0       .3       .0     33.4     27.6      1.5     29.4     33.6 3  181.2 3   79.8 3     .0       181.2 3
 1966  2  01     .0       .0       .0     13.6 3   12.3 3   24.1     21.3 3   47.2 3   30.6 3   27.6     28.4      6.1        47.2 3
 1967  4  11     .0       .0                                                  67.5     39.7     97.3 3   23.5 3    2.2 3      97.3 3
 1968  4  11     .0       .0                .0     17.9     29.9      2.6     41.1 3   27.6     48.8 3   20.9     11.5        48.8 3
 1969  2  01     .0       .0              47.6     27.4 3   61.8 3   32.7     34.8 3                     74.1                 74.1 3
 1970  2  01    5.2       .0      4.5      4.0 3   26.2     77.2     51.0     38.0 3  101.4 3   69.0     20.4 3   69.0       101.4 3
 1971  2  01     .9                .0                       66.5                                                              66.5 3
 1972  2  01     .0       .0      6.7     31.0     53.9     44.4      7.3 3   13.5     64.3 3   87.2     34.3 3     .2        87.2 3
 1973  2  01     .1 3     .2       .4     50.2     26.3 3                                                                     50.2 3
 1974  2  01                                        *       21.6 3   34.9 3   17.3 3   42.9 3   92.3     15.6 3               92.3 3
 1975  2  01              .0 3     .3 3             *       12.3 3    *        *       40.8     55.0     30.0     15.0        55.0 3
 1976  2  01     .0       .0       .0     11.0     40.0     23.0      2.5     30.1     43.0     42.8     28.0       .0        43.0
 1977  2  01     .0       .0     16.0     12.7 3   38.3 3   34.0     10.0     60.0     22.8              40.1 3               60.0 3
 1981  2  01   17.9 3     .0 3    7.0     34.0     62.0     26.5     51.4 3   40.5    100.0     70.6     17.5     52.5       100.0 3
 1982  2  01   68.8       .0       .0     25.0                                                                                68.8 3
 1983  2  01     .0       .0       .0     17.0     12.4     28.8     29.8      9.9     60.2      1.6     17.0      3.7        60.2
 1984  2  01     .0       .0       .0      6.4     55.8 3   70.5     59.9 3   35.9     48.4 3   37.0 3   20.5 3     .0        70.5 3
 1985  2  01     .0       .0       .0       .0     24.2 1   43.9 1  107.6 1   48.5     64.2     48.2      9.6 1   80.4       107.6
 1986  2  01     .0       .0       .0      6.8      8.1 1   25.5     18.3     19.7 1    5.3     36.2     23.4     29.8 1      36.2
 1987  1  01    2.8       .0       .0     19.7     42.7     28.6     13.2      *                                              42.7 3
 1991  1  01                                                          9.2 3    6.1    128.8 1   12.8     35.8      7.0       128.8 3
 1992  1  01     .0       .0       .0      2.8     29.7     25.3     11.0     12.8      5.1      4.4     21.3      2.8        29.7
 1993  1  01   17.3       .0       .0      5.7     67.0     27.5 3   14.4     15.6     85.5     39.5     51.9 3    7.3        85.5 3
 1994  1  01     .0       .0      2.1      8.8     37.0      3.2 1   17.4     16.5 1   62.6 1   91.6 3   62.8      2.3 1      91.6 3
 1995  1  01     .0       .0       .0     29.3     43.9 3   16.7     88.0     56.5 3   17.2     47.6     26.5       .4        88.0 3
 1996  1  01     .0       .0      4.8      6.3     63.0     36.0     43.3 3   49.1     33.0     41.3     34.0       .0 3      63.0 3
 1997  1  01     .0      7.8       .0      5.4     17.8 3   84.8     14.0     30.0     53.0     39.1 3  145.0       .0       145.0 3
 1998  1  01     .0 3     .0       .8     25.0     54.5 3   26.0 3   14.6     75.6     49.7     26.7 3                        75.6 3
 1999  1  01     .0      1.7 3     .8     17.0     45.9     36.7     29.5     79.4     42.1     87.0     43.3     60.8        87.0 3
 2000  1  01    1.0       .0       .0      4.2 3   23.3     41.8     89.0     21.7     27.5     25.5     18.0     10.0        89.0 3
 2001  1  01    2.0       .0       .0      6.2     10.0     28.3     39.0 3   25.5     30.0     81.2     38.5     27.8        81.2 3
 2002  1  01     .0       .0       .0     22.0     58.2     37.1    113.0     27.5     22.0     32.0 3   16.6       .0       113.0 3                       I D E A M  -  INSTITUTO DE HIDROLOGIA, METEOROLOGIA Y ESTUDIOS AMBIENTALES
                                                                                                              SISTEMA DE INFORMACION
                                    VALORES MAXIMOS MENSUALES DE PRECIPITACION (mms)                            NACIONAL AMBIENTAL
                                                    EN 24 HORAS
    FECHA DE PROCESO :  2019/05/13                                                           ESTACION : 14015030  ESC NAVAL CIOH

    LATITUD    1023 N               TIPO EST    CP                   DEPTO      BOLIVAR                 FECHA-INSTALACION   1947-MAR
    LONGITUD   7532 W               ENTIDAD     01  IDEAM            MUNICIPIO  CARTAGENA               FECHA-SUSPENSION
    ELEVACION  0001 m.s.n.m         REGIONAL    02  ATLANTICO        CORRIENTE  MAR CARIBE

************************************************************************************************************************************
  A#O EST ENT ENERO *  FEBRE *  MARZO *  ABRIL *  MAYO  *  JUNIO *  JULIO *  AGOST *  SEPTI *  OCTUB *  NOVIE *  DICIE *  VR ANUAL *
************************************************************************************************************************************

 2003  1  01     .0       .0       .0     14.9     34.5     52.0     33.0      6.3 3   62.8     53.5     85.6     53.0        85.6 3
 2004  1  01                                       67.0     29.6     27.6     26.8     68.0 3   92.0    158.0       .0       158.0 3
 2005  1  01     .0       .0       .0       .0     66.6 3   39.0     28.0     23.2     86.0     77.0 3                        86.0 3
 2006  1  01     .0       .0     20.0     12.0 3            40.7     50.6     47.0     11.0    101.0     53.4      7.4       101.0 3
 2007  1  01     .0       .0       .0     41.8 3   49.0      9.4     55.0     40.0    125.9 3   66.6     29.0       .0       125.9 3
 2008  1  01     .0       .0       .0     16.4     16.6     41.5     29.7     71.0     68.8     26.4     96.0       .3        96.0
 2009  1  01     .0       .0 3     .9       .0      7.3 3   36.2     67.9     29.5     15.8     76.6     23.5       .0        76.6 3
 2010  1  01     .0       .0     14.9     29.4     81.6     74.0     78.0     95.8     32.1     63.8    117.5     74.4       117.5
 2011  1  01     .0       .0       .0     13.9     22.5     60.0     50.0     58.0     50.3    123.8     73.3     46.0       123.8
 2012  1  01     .0 3     .0 3     .0 3   14.0     30.2     44.2     35.9     39.3     63.4     71.0     27.2      1.4        71.0 3
 2013  1  01     .0       .0       .0       .0     39.0     40.0     45.5     53.0     27.4     34.0     30.5     34.4        53.0
 2014  1  01     .0                                                                                                            0.0 3

MEDIOS          2.4      0.2      1.8     15.9     35.9     38.6     36.3     34.6     46.8     55.0     45.6     15.6        27.4
MAXIMOS        68.8      7.8     20.0     50.2    169.8     95.7    113.0     95.8    128.8    181.2    158.0     80.4       181.2
MINIMOS         0.0      0.0      0.0      0.0      0.0      3.2      1.5      0.7      5.1      1.6      7.5      0.0         0.0