                       I D E A M  -  INSTITUTO DE HIDROLOGIA, METEOROLOGIA Y ESTUDIOS AMBIENTALES
                                                                                                              SISTEMA DE INFORMACION
                                    VALORES MINIMOS MENSUALES DE CAUDALES (m3/seg)                              NACIONAL AMBIENTAL

    FECHA DE PROCESO :  2019/05/21                                                           ESTACION : 29037450  STA HELENA 2

    LATITUD    1004 N               TIPO EST    LM                   DEPTO      BOLIVAR                 FECHA-INSTALACION   1978-JUN
    LONGITUD   7526 W               ENTIDAD     01  IDEAM            MUNICIPIO  ARJONA                  FECHA-SUSPENSION
    ELEVACION  0003 m.s.n.m         REGIONAL    02  ATLANTICO        CORRIENTE  CANAL DEL DIQUE

************************************************************************************************************************************
  A#O EST ENT ENERO *  FEBRE *  MARZO *  ABRIL *  MAYO  *  JUNIO *  JULIO *  AGOST *  SEPTI *  OCTUB *  NOVIE *  DICIE *  VR ANUAL *
************************************************************************************************************************************

 1981  1  01  117.4 7  80.40 8  80.10 8  78.90 8  160.2    309.0    374.4 8  311.2    299.1    295.7    306.8    330.1 8     78.90
 1982  1  01  245.3    165.8    114.0 6  115.0    195.7    316.3 8  315.0 8  170.2 7  159.0    187.4    267.4    209.6      114.00
 1983  1  01  44.00    37.20    33.60    50.80    69.60    92.90    108.5    197.2    203.6    246.0    307.8    303.4       33.60
 1984  1  01  310.7 6  206.0 3  115.5    113.2    140.0    273.0    360.7    425.0    415.0    430.0    539.0    482.2      113.20 3
 1985  2  01  337.2    163.8    131.6    131.0    179.5    250.5    182.2    232.4    313.7    370.1    442.2    439.4      131.00
 1986  2  01  224.8    146.4    172.3    175.0    297.3    350.1    347.8    238.1    221.9    255.7    420.2    390.3      146.40
 1987  2  01  132.0    75.00    58.50    69.00    157.3    307.5    265.7    306.2    366.5    396.5    509.9    564.3 8     58.50
 1988  2  01  244.0    128.3    96.90    99.60    222.4    312.5    417.0    508.0    602.0 8  643.6 8  666.0 8  662.8 8     96.90
 1989  1  01  480.9    281.4    230.5    165.8    167.6    290.8    304.3    296.2    309.7    408.1    493.9    456.5      165.80
 1990  1  01  242.7    185.7    173.4    194.5    241.1    320.3    320.3    268.5    274.6    316.6    407.8    456.5      173.40
 1991  1  01  207.5    143.8    142.4    145.6    194.7    264.7    245.1    228.7    191.6    250.9    298.9    293.3      142.40
 1992  1  01  148.3    128.1    119.4    110.0    153.9    227.8    196.3    240.4    281.0    343.5    333.6    309.5      110.00
 1993  1  01  193.8    134.7    118.7    193.1    284.8    389.5    365.7    306.3    321.0    390.7    421.2 8  446.3 8    118.70
 1994  1  01  351.0    211.1    214.4    253.0    336.3    421.5    408.3    362.2    334.1    374.8    452.8    468.0 8    211.10
 1995  1  01  202.9    121.9    119.5    158.1    247.6    321.9    405.4    480.1    565.5    551.5    562.0    491.9      119.50
 1996  1  01  328.3    275.7    270.4    334.1    337.1    397.2    451.3    465.8    451.3    445.2    452.6    397.2      270.40
 1997  1  01  224.2    196.5 8  107.8 8  107.8 8  162.4 8  170.8 8  197.8 8  168.4 8  166.0 8  234.9    241.0    164.2 8    107.80
 1998  1  01  124.5 8  121.5 8  128.5 8  158.8 8  266.0    368.4    426.0    456.6    468.5    492.2 3  516.0 3  526.2      121.50 3
 1999  1  01  502.8    447.6    456.6    459.2    489.6    521.8    537.9    545.2    545.2    548.1    598.7 8  614.9 8    447.60
 2000  1  01  551.4    403.8    365.7    350.9    379.4    469.8    561.3    548.6    517.6    537.3    585.2    498.0      350.90
 2001  1  01  261.6    154.0 8  159.4 8  168.4 8  175.4 8  282.7    282.7    201.2 8  200.6 8  290.9    372.7    410.4      154.00
 2002  1  01  301.2    193.4 8  173.6 8  245.9    377.3    421.3    407.3    298.3    330.7    375.2    434.1    348.8      173.60
 2003  1  01  177.3 8  165.3 8  158.7 8    *      310.7    344.5    438.8    426.0    387.9    420.1    501.9    552.8      158.70 3
 2004  1  01  381.3    137.5    108.1 8  114.1 8  294.4    406.2    363.5    357.1    366.0    438.9    503.6    513.0      108.10
 2005  1  01  338.3    255.7    192.2    187.4    308.9    436.0    437.4    382.6    380.0    406.2    486.4    549.3      187.40
 2006  1  01  450.2    280.7    231.2    340.6    441.7    564.0    540.1    455.9    463.0    461.9    486.4    580.4      231.20
 2007  1  01  481.8 3    *      173.7    252.8    419.0    553.0    574.9    558.5    578.6    598.7    622.5    620.7      173.70 3
 2008  1  01  503.6    381.3    368.6    359.7    414.7    536.5    622.5    639.0    640.9    642.7 3  651.8 3  628.0      359.70 3
 2009  1  01  554.8    406.2    329.0    364.8    413.3    457.3    390.5    347.6    343.0    293.3    358.4    237.4      237.40
 2010  1  01  135.8    131.8    146.0    157.2    268.5    394.4    547.5    620.7    624.4    639.0    673.8    677.5      131.80
 2011  1  01  567.6    339.5 3  330.1    340.6    514.6    595.1    511.4    461.6    419.0    414.7 3  506.8    565.8      330.10 3
 2012  1  01  489.6    284.9    192.6    224.3    327.8    366.0    261.3    262.2    291.2    288.0    361.0    272.3      192.60
 2013  1  01  153.2    147.9    170.9    169.4    210.0    337.1    262.2    239.7    323.1    381.3    414.7    386.5      147.90
 2014  1  01  231.0    182.0    192.5    178.5    250.5    351.6    221.0    193.4    256.3    362.4    457.0    502.3      178.50
 2015  1  01  221.0    200.4    166.0    203.0    242.0    268.8    204.8    216.0    223.0    198.6    280.0    185.5      166.00

MEDIOS        298.9    203.4    181.2    199.1    275.8    362.6    367.3    354.7    366.7    398.0    455.3    443.9      325.57
MAXIMOS       567.6    447.6    456.6    459.2    514.6    595.1    622.5    639.0    640.9    643.6    673.8    677.5      677.50
MINIMOS       44.00    37.20    33.60    50.80    69.60    92.90    108.5    168.4    159.0    187.4    241.0    164.2       33.60                       I D E A M  -  INSTITUTO DE HIDROLOGIA, METEOROLOGIA Y ESTUDIOS AMBIENTALES
                                                                                                              SISTEMA DE INFORMACION
                                    VALORES MEDIOS  MENSUALES DE TRANSPORTE (KTon/Dia)                          NACIONAL AMBIENTAL

    FECHA DE PROCESO :  2019/05/21                                                           ESTACION : 29037450  STA HELENA 2

    LATITUD    1004 N               TIPO EST    LM                   DEPTO      BOLIVAR                 FECHA-INSTALACION   1978-JUN
    LONGITUD   7526 W               ENTIDAD     01  IDEAM            MUNICIPIO  ARJONA                  FECHA-SUSPENSION
    ELEVACION  0003 m.s.n.m         REGIONAL    02  ATLANTICO        CORRIENTE  CANAL DEL DIQUE

************************************************************************************************************************************
  A#O EST ENT ENERO *  FEBRE *  MARZO *  ABRIL *  MAYO  *  JUNIO *  JULIO *  AGOST *  SEPTI *  OCTUB *  NOVIE *  DICIE *  VR ANUAL *
************************************************************************************************************************************

 1984  2  01  13.84 6  9.400 3  7.486    5.873    9.224    12.94    15.35    17.02    16.58    18.21    21.61    23.31       14.24 3
 1985  2  01  16.89    9.503    6.305    7.217    9.532    11.46    9.064    10.94    13.77    15.89    17.71    18.35       12.22
 1986  2  01  12.41    7.800    8.232    9.740    13.12    15.21    15.31    11.10    10.20    13.49    17.74    18.28       12.72
 1987  2  01  10.47    4.855    3.757    5.375    10.27    12.93    11.44    13.97    15.17    17.62    20.66    22.51       12.42
 1988  2  01  16.96 8  8.214 8  5.568 8  7.538 8  11.67 8  13.83 8  18.19 8  20.92 8  23.18 8  25.12 8  24.91 8  24.68 8     16.73
 1989  1  01  20.64 8  14.76 8  10.55 8  9.240 8  9.886 8  12.63 8  12.82 8  12.38 8  14.17 8  17.51 8  20.06 8  19.83 8     14.54
 1990  1  01  13.22 8  8.851 8  7.920 8  8.679 8  12.41 8  13.42 8  13.06 8  11.99 8  12.32 8  14.48 8  17.56 8  18.37 8     12.69
 1992  1  01  9.453 8  6.218 8  5.820 8  5.866 8  8.230 8  10.28 8  9.071 8  10.59 8  11.56 8  13.93 8  12.93 8  12.86 8      9.73
 1993  1  01  9.942 8  7.234 8  6.349 8  9.029 8  12.62 8  14.29 8  13.96 8  12.28 8  12.96 8  14.58 8  15.28 8  15.97 8     12.04
 1994  1  01  21.55 8  10.91 8  8.813 8  12.84 8  17.35 8  21.54 8  21.67 8  17.18 8  15.52 8  19.49 8  23.51 8  24.31 8     17.89
 1995  1  01  15.41 8  4.770 8  4.160 8  6.310 8  11.91 8  16.71 8  21.17 8  27.28 8  30.78 8  29.86 8  30.32 8  28.35 8     18.92
 1996  1  01  17.34 8  12.38 8  13.27 8  15.38 8  16.58 8  20.38 8  22.76 8  23.74 8  22.50 8  22.01 8  22.24 8  21.06 8     19.14
 1997  1  01  11.92 8  8.043 8  4.081 8  4.039 8  5.863 8  8.154 8  9.789 8  6.592 8  6.600 8  9.758 8  11.39 8  9.863 8      8.01
 1998  1  01  4.518 8  4.187 8  4.457 8  7.402 8  13.62 8  18.73 8  21.77 8  22.82 8  23.69 8  25.19 3  26.71 3  28.03 8     16.76 3
 2000  1  01  27.60 8  21.47 8  17.25 8  15.54 8  18.55 8  23.37 8  26.58 8  25.77 8  24.04 8  26.51 8  27.57 8  25.87 8     23.34
 2001  1  01  15.06 8  7.236 8  7.012 8  7.063 8  8.866 8  13.08 8  12.06 8  10.61 8  11.26 8  13.99 8  16.98 8  19.11 8     11.86
 2002  1  01  17.06 8  8.605 8  7.669 8  12.34 8  17.43 8  19.75 8  19.10 8  14.29 8  14.76 8  17.04 8  20.85 8  17.11 8     15.50
 2003  1  01  9.662 8  6.472 8  6.345 8           13.52 8  17.00 8  19.99 8  19.67 8  17.42 8  20.98 8  23.70 8  26.38 8     16.47 3
 2004  1  01  15.19 8  6.595 8  3.803 3  4.833 3  10.87 8  13.67 8  11.95 8  11.97 8  12.64 8  14.61 8  17.47 8  17.03 8     11.72 3
 2005  1  01  13.74 8  8.898 8  6.541 8  7.729 8  11.90 8  14.80 8  14.90 8  12.53 8  12.28 8  14.02 8                       11.73 3
 2006  1  01  23.12 8  16.90 8  11.43 8  16.64 8  23.22 8  27.65 8  26.94 8  21.86 8  21.34 8  21.24 8  24.13 8  27.42 8     21.82
 2007  1  01  24.82 3  8.709 3  7.345 8  14.82 8  21.52 8  27.05 8  28.09 8  26.40 8  27.80 8  28.27 8  30.00 8  30.11 8     22.91 3
 2008  1  01  25.69 8  19.25 8  16.49 8  16.18 8  21.38 8  26.88 8  29.88 8  30.28 8  30.77 8  30.96 3  32.44 3  31.78 8     26.00 3
 2009  1  01  27.47 8  21.61 8  15.44 8  17.20 8  20.29 8  21.45 8  20.62 8  15.92 8  15.92 8  13.66 8  18.41 8  14.27 8     18.52
 2010  1  01  7.213 8  5.339 8  6.174 8  8.342 8  14.57 8  21.13 8  27.37 8  30.29 8  29.87 8  31.80 8  33.52 8  41.29 8     21.41
 2011  1  01  34.79 8  19.34 3  14.29 8  17.27 8  27.77 8  29.52 8  25.19 8  22.06 8  19.28 8  20.92 3  24.36 8  28.63 8     23.62 3
 2012  1  01  26.76 8  17.29 8  8.571 8  11.31 8  18.91 8  18.88 8  13.17 8  12.15 8  13.20 8  13.39 8  16.35 8  14.56 8     15.38
 2014  1  01  14.44 8  7.721 8  8.546 8  7.666 8  14.45 8  15.92 8  11.58 8  9.192 8  13.15 8  18.09 8  22.50 8  23.90 8     13.93

MEDIOS        17.04    10.45    8.346    10.05    14.48    17.60    17.96    17.21    17.60    19.38    21.89    22.34       16.20
MAXIMOS       34.79    21.61    17.25    17.27    27.77    29.52    29.88    30.29    30.78    31.80    33.52    41.29       41.29
MINIMOS       4.518    4.187    3.757    4.039    5.863    8.154    9.064    6.592    6.600    9.758    11.39    9.863        3.76