0.269
0.189
0.146
0.317
0.346
0.28
0.348
0.262
0.284
0.152
0.248
0.262
0.231
0.099
0.105
-0.009
0.074
0.103
-0.041
-0.01
-0.007
-0.028
-0.023
-0.047
0.08
0.044
0.045
0.099
0.18
0.198
0.272
0.179
0.207
0.283
0.39
0.26
0.19
0.098
0.018
0.067
-0.054
-0.26
-0.086
-0.094
-0.085
-0.039
-0.083
0.023
-0.077
-0.102
-0.015
-0.07
-0.117
-0.008
0.044
0.206
0.225
0.153
0.088
0.083
0.053
0.193
0.348
0.35
0.205
0.225
0.168
0.165
0.216
0.156
0.189
0.223
0.104
0.118
-0.023
0
0.011
-0.056
-0.028
0.016
0.129
0.116
0.054
0.113
0.18
0.22
0.092
0.1
0.306
0.322
0.274
0.339
0.214
0.3
0.254
0.141
0.064
0.085
0.152
0.23
0.197
0.036
-0.015
0.039
0.006
0.032
0.071
0.217
0.152
0.155
0.169
0.091
0.026
-0.068
-0.005
-0.06
0.007
0.069
0.049
0.193
0.16
0.169
0.137
0.107
-0.082
-0.044
-0.033
-0.07
-0.199
-0.068
-0.054
-0.057
-0.072
0.024
0.042
-0.143
0.044
0.007
-0.141
-0.231
-0.217
-0.268
-0.163
-0.118
-0.195
-0.174
-0.074
-0.094
-0.096
-0.124
-0.185
-0.207
-0.219
-0.245
-0.273
-0.12
-0.073
0.013
-0.007
0.047
0.004
-0.042
-0.053
-0.041
0.003
0.016
0.006
0.083
0.084
0.091
-0.031
-0.012
-0.184
-0.258
-0.227
-0.162
-0.094
-0.097
-0.232
-0.15
-0.244
-0.195
-0.206
-0.153
-0.121
-0.26
-0.227
-0.211
-0.147
-0.111
-0.105
-0.124
-0.06
0.107
0.21
0.151
0.013
0.031
0.096
-0.098
-0.104
-0.183
-0.121
-0.029
-0.008
-0.046
0.022
0.022
-0.044
-0.18
-0.198
-0.138
-0.135
-0.194
-0.238
-0.207
-0.243
-0.289
-0.307
-0.41
-0.324
-0.36
-0.347
-0.432
-0.363
-0.232
-0.24
-0.305
-0.315
-0.377
-0.436
-0.323
-0.466
-0.485
-0.372
-0.38
-0.299
-0.283
-0.274
-0.347
-0.37
-0.39
-0.341
-0.261
-0.166
-0.172
-0.1
-0.129
-0.128
-0.212
-0.206
-0.234
-0.272
-0.28
-0.398
-0.52
-0.496
-0.444
-0.511
-0.464
-0.502
-0.504
-0.422
-0.357
-0.269
-0.335
-0.306
-0.341
-0.384
-0.291
-0.268
-0.181
-0.332
-0.35
-0.337
-0.318
-0.381
-0.437
-0.49
-0.422
-0.484
-0.479
-0.303
-0.181
-0.189
-0.289
-0.412
-0.428
-0.385
-0.329
-0.179
-0.213
-0.166
-0.103
-0.101
-0.141
-0.228
-0.22
-0.138
-0.2
-0.101
-0.143
-0.154
-0.19
-0.199
-0.328
-0.272
-0.222
-0.185
-0.202
-0.115
-0.178
-0.187
-0.146
-0.223
-0.232
-0.112
-0.037
-0.089
-0.11
-0.104
-0.082
-0.08
-0.054
0.004
-0.073
-0.133
0.005
0.135
0.114
0.056
0.029
-0.002
-0.055
-0.191
-0.243
-0.171
-0.17
0.012
-0.084
-0.073
-0.051
-0.084
-0.104
-0.025
-0.176
-0.126
0.005
-0.07
-0.068
-0.069
-0.172
-0.181
-0.173
-0.218
-0.298
-0.297
-0.36
-0.406
-0.369
-0.287
-0.093
0.092
0.07
-0.037
-0.043
-0.004
-0.147
-0.205
-0.184
-0.147
0.008
-0.095
-0.077
-0.114
-0.146
-0.155
-0.313
-0.255
-0.214
-0.198
-0.333
-0.413
-0.307
-0.343
-0.318
-0.345
-0.39
-0.326
-0.117
-0.142
-0.27
-0.236
-0.234
-0.284
-0.326
-0.332
-0.264
-0.282
-0.314
-0.218
-0.25
-0.238
-0.262
-0.209
-0.308
-0.387
-0.36
-0.267
-0.207
-0.022
0.04
0.079
0.214
0.29
0.29
0.205
0.057
-0.059
0.054
-0.031
-0.106
0
0.061
0.147
0.174
0.118
0
-0.087
-0.163
-0.139
-0.156
-0.213
-0.149
-0.246
-0.282
-0.139
0.098
0.185
0.12
-0.087
-0.116
-0.142
-0.146
-0.292
-0.154
-0.171
-0.11
-0.051
-0.049
-0.015
0.06
0.154
0.12
-0.046
-0.029
-0.188
-0.11
-0.062
-0.126
-0.147
-0.123
-0.101
-0.102
-0.031
-0.256
-0.255
-0.208
-0.184
-0.088
-0.086
-0.178
-0.216
-0.145
-0.213
-0.375
-0.364
-0.294
-0.329
-0.279
-0.234
-0.181
-0.238
-0.168
-0.158
-0.176
-0.271
-0.223
-0.159
-0.238
-0.313
-0.288
-0.291
-0.304
-0.274
-0.195
-0.202
-0.217
-0.226
-0.231
-0.147
-0.055
-0.015
-0.086
-0.058
-0.035
0.021
0.08
0.276
0.368
0.318
0.188
0.058
0.106
0.131
0.046
-0.005
-0.028
-0.053
0.014
-0.061
-0.119
-0.1
-0.004
0.003
-0.14
-0.169
-0.151
-0.087
-0.031
0.009
0.012
0.044
0.013
0.065
0.019
0.114
0.155
0.055
0.136
0.134
0.296
0.326
0.296
0.388
0.494
0.492
0.517
0.417
0.386
0.321
0.284
0.055
0.062
0.073
0.056
0.167
0.184
0.202
0.311
0.189
0.022
-0.044
0.019
-0.079
-0.034
0.108
0.047
0.109
-0.013
0.077
0.107
0.106
-0.035
-0.048
-0.122
-0.123
-0.022
0.019
-0.008
-0.005
0.203
0.14
0.182
0.291
0.256
0.161
0.218
0.186
0.17
0.149
0.032
-0.044
-0.112
-0.061
0.111
0.084
0.116
0.024
0.009
0.055
-0.008
0.117
0.084
0.156
0.21
0.281
0.42
0.456
0.431
0.228
0.229
0.215
0.214
0.163
0.113
0.011
0.182
0.232
0.321
0.245
0.247
0.226
0.192
0.116
0.13
0.289
0.297
0.298
0.332
0.452
0.445
0.424
0.243
0.145
0.221
0.128
0.08
0.065
0.202
0.313
0.338
0.379
0.406
0.369
0.339
0.294
0.176
0.176
0.222
0.132
0.164
0.117
0.093
0.134
0.06
0.103
0.163
0.181
0.116
0.035
0.133
0.164
0.048
0.177
0.261
0.211
0.18
0.204
0.108
0.006
0.024
-0.054
-0.159
-0.155
-0.125
-0.056
0.127
0.233
0.158
0.063
0.17
0.075
0.088
0.045
0.183
0.293
0.431
0.465
0.453
0.455
0.531
0.455
0.329
0.241
0.213
0.149
0.113
0.061
0.097
0.157
0.184
0.097
0.152
0.15
0.068
-0.065
-0.039
-0.06
0.01
0.031
0.085
0.17
0.305
0.38
0.436
0.454
0.335
0.17
0.146
0.133
0.121
0.164
0.142
0.106
0.052
0.196
0.2
0.26
0.352
0.134
0.042
-0.057
-0.037
-0.076
-0.089
0.004
0.067
0.227
0.34
0.315
0.297
0.07
0.064
-0.003
0.002
-0.124
-0.066
0.05
0.034
0.137
0.183
0.305
0.33
0.192
0.234
