0.041
0.047
0.077
0.083
0.087
0.113
0.039
0.054
0.047
0.058
0.042
0.045
0.039
0.052
0.060
0.090
0.088
0.104
0.063
0.053
0.063
0.046
0.048
0.055
0.045
0.057
0.050
0.066
0.063
0.094
0.062
0.062
0.050
0.058
0.048
0.050
0.045
0.048
0.082
0.102
0.099
0.125
0.048
0.053
0.057
0.055
0.047
0.051
0.046
0.060
0.079
0.092
0.087
0.112
0.047
0.060
0.044
0.056
0.041
0.051
0.037
0.049
0.073
0.081
0.090
0.112
0.052
0.059
0.046
0.054
0.041
0.049
0.039
0.047
0.062
0.073
0.071
0.083
0.047
0.057
0.047
0.053
0.043
0.048
0.039
0.054
0.081
0.085
0.093
0.112
0.062
0.055
0.048
0.051
0.052
0.042
0.049
0.058
0.092
0.095
0.098
0.143
0.069
0.080
0.059
0.074
0.063
0.059
0.058
0.062
0.085
0.089
0.080
0.108
0.052
0.048
0.046
0.045
0.043
0.043
0.042
0.041
0.090
0.097
0.104
0.119
0.044
0.050
0.050
0.046
0.044
0.045
0.041
0.044
0.075
0.087
0.083
0.100
0.058
0.056
0.072
0.050
0.054
0.061
0.037
0.062
0.048
0.046
0.055
0.067
0.043
0.063
0.056
0.071
0.060
0.047
0.050
0.053
0.040
0.044
0.047
0.066
0.039
0.051
0.056
0.050
0.046
0.049
0.042
0.039
0.051
0.076
0.069
0.091
0.063
0.043
0.068
0.041
0.054
0.045
0.049
0.046
0.066
0.073
0.066
0.081
0.043
0.053
0.050
0.047
0.041
0.044
0.044
0.043
0.045
0.058
0.055
0.093
0.053
0.053
0.054
0.047
0.038
0.049
0.041
0.046
0.051
0.064
0.072
0.096
0.048
0.058
0.044
0.051
0.036
0.049
0.034
0.042
0.049
0.066
0.063
0.081
0.058
0.051
0.054
0.048
0.050
0.049
0.050
0.057
0.076
0.084
0.094
0.116
0.052
0.054
0.050
0.052
0.042
0.043
0.041
0.053
0.058
0.070
0.069
0.092
0.056
0.063
0.043
0.056
0.043
0.043
0.038
0.042
0.044
0.065
0.080
0.104
0.064
0.050
0.058
0.044
0.053
0.049
0.043
0.048
0.078
0.108
0.104
0.127
0.040
0.062
0.060
0.057
0.066
0.052
0.051
0.050
0.072
0.088
0.084
0.123
0.068
0.073
0.055
0.065
0.053
0.052
0.047
0.053
0.066
0.071
0.077
0.105
0.057
0.065
0.046
0.056
0.041
0.054
0.039
0.051
0.069
0.085
0.082
0.106
0.058
0.067
0.054
0.062
0.059
0.050
0.053
0.058
0.043
0.062
0.072
0.082
0.051
0.070
0.049
0.071
0.043
0.058
0.040
0.063
0.079
0.085
0.090
0.095
0.063
0.082
0.057
0.073
0.052
0.066
0.050
0.063
0.074
0.078
0.082
0.088
0.046
0.057
0.044
0.058
0.037
0.047
0.037
0.050
0.078
0.085
0.087
0.102
0.045
0.048
0.045
0.045
0.036
0.047
0.034
0.045
0.136
0.143
0.136
0.162
0.053
0.064
0.042
0.055
0.040
0.049
0.038
0.047
0.044
0.054
0.060
0.067
0.048
0.060
0.052
0.057
0.038
0.069
0.043
0.052
0.081
0.087
0.084
0.096
0.037
0.055
0.037
0.053
0.037
0.045
0.033
0.042
0.059
0.059
0.061
0.083
0.045
0.049
0.037
0.046
0.034
0.042
0.031
0.044
0.072
0.078
0.088
0.097
0.044
0.056
0.055
0.054
0.053
0.052
0.058
0.051
0.062
0.066
0.067
0.071
0.054
0.078
0.050
0.067
0.059
0.041
0.052
0.044
0.050
0.074
0.060
0.090
0.042
0.042
0.038
0.039
0.039
0.033
0.036
0.033
0.052
0.060
0.066
0.074
0.041
0.049
0.035
0.048
0.048
0.038
0.038
0.043
0.042
0.054
0.050
0.063
0.049
0.045
0.045
0.042
0.038
0.040
0.034
0.040
0.067
0.076
0.078
0.084
0.043
0.052
0.046
0.050
0.044
0.047
0.039
0.043
0.051
0.054
0.056
0.072
0.057
0.049
0.049
0.046
0.044
0.045
0.041
0.043
0.069
0.073
0.076
0.083
0.040
0.049
0.044
0.047
0.042
0.046
0.041
0.044
0.060
0.062
0.062
0.085
0.050
0.050
0.048
0.057
0.048
0.048
0.050
0.058
0.077
0.084
0.081
0.095
0.045
0.054
0.051
0.051
0.048
0.053
0.047
0.047
0.071
0.083
0.072
0.089
0.054
0.064
0.052
0.058
0.051
0.047
0.046
0.050
0.067
0.082
0.091
0.102
0.040
0.053
0.045
0.047
0.037
0.046
0.040
0.042
0.076
0.081
0.077
0.077
0.040
0.053
0.046
0.049
0.054
0.041
0.050
0.044
0.068
0.076
0.078
0.084
0.055
0.046
0.043
0.041
0.039
0.037
0.035
0.033
0.057
0.073
0.076
0.098
0.044
0.049
0.041
0.046
0.042
0.036
0.039
0.045
0.068
0.075
0.077
0.083
0.047
0.060
0.057
0.054
0.044
0.052
0.050
0.046
0.040
0.044
0.048
0.051
0.040
0.044
0.037
0.041
0.039
0.034
0.037
0.040
0.073
0.077
0.070
0.081
0.041
0.045
0.038
0.042
0.035
0.041
0.034
0.042
0.065
0.080
0.077
0.094
0.037
0.047
0.054
0.040
0.054
0.043
0.036
0.044
0.067
0.055
0.084
0.071
0.037
0.047
0.038
0.048
0.050
0.035
0.047
0.043
0.081
0.086
0.080
0.099
0.045
0.049
0.055
0.044
0.037
0.048
0.038
0.043
0.052
0.061
0.066
0.091
0.049
0.055
0.045
0.049
0.040
0.045
0.037
0.049
0.051
0.052
0.059
0.066
0.045
0.048
0.053
0.043
0.041
0.043
0.041
0.042
0.051
0.061
0.069
0.094
0.045
0.068
0.054
0.062
0.055
0.050
0.051
0.053
0.040
0.051
0.057
0.072
0.049
0.058
0.057
0.057
0.052
0.053
0.051
0.052
0.084
0.096
0.100
0.104
0.049
0.066
0.047
0.061
0.056
0.051
0.048
0.054
0.069
0.073
0.081
0.079
0.067
0.059
0.054
0.054
0.045
0.056
0.042
0.047
0.072
0.068
0.072
0.077
0.042
0.048
0.058
0.040
0.045
0.036
0.033
0.036
0.062
0.070
0.069
0.075
0.038
0.048
0.043
0.046
0.042
0.045
0.041
0.056
0.079
0.087
0.105
0.125
0.042
0.056
0.054
0.052
0.031
0.050
0.049
0.049
0.056
0.072
0.063
0.081
0.048
0.057
0.046
0.049
0.038
0.044
