0.687
0.637
0.662
0.702
0.743
0.816
0.673
0.833
0.814
0.792
0.763
0.724
0.691
0.676
0.697
0.737
0.751
0.779
0.877
0.806
0.793
0.789
0.778
0.686
0.705
0.671
0.702
0.698
0.753
0.788
1.005
0.825
0.851
0.792
0.782
0.770
0.718
0.735
0.746
0.759
0.781
0.823
0.816
0.808
0.759
0.775
0.751
0.684
0.717
0.712
0.717
0.760
0.787
0.848
0.829
0.836
0.815
0.807
0.748
0.707
0.670
0.672
0.657
0.677
0.749
0.835
0.936
0.866
0.868
0.861
0.808
0.783
0.734
0.709
0.677
0.754
0.817
0.868
0.880
0.884
0.872
0.843
0.793
0.739
0.710
0.697
0.723
0.744
0.799
0.878
0.847
0.838
0.879
0.812
0.831
0.783
0.749
0.746
0.751
0.803
0.811
0.915
0.929
0.930
0.899
0.889
0.862
0.832
0.792
0.760
0.755
0.753
0.741
0.769
0.736
0.750
0.737
0.728
0.696
0.697
0.686
0.669
0.709
0.727
0.752
0.816
0.780
0.854
0.830
0.775
0.780
0.727
0.704
0.691
0.726
0.749
0.741
0.801
0.828
0.817
0.807
0.801
0.758
0.724
0.678
0.634
0.677
0.679
0.739
0.758
0.683
0.749
0.750
0.746
0.715
0.673
0.605
0.535
0.539
0.570
0.600
0.651
0.548
0.689
0.696
0.716
0.670
0.644
0.618
0.558
0.558
0.583
0.622
0.712
0.783
0.722
0.736
0.699
0.691
0.576
0.645
0.616
0.622
0.640
0.644
0.680
0.659
0.693
0.687
0.691
0.648
0.638
0.619
0.590
0.603
0.649
0.729
0.803
0.746
0.761
0.741
0.723
0.624
0.684
0.653
0.629
0.636
0.713
0.697
0.855
0.962
0.776
0.892
0.715
0.642
0.661
0.599
0.569
0.582
0.622
0.680
0.786
0.954
0.791
0.945
0.795
0.840
0.805
0.812
0.757
0.844
0.763
0.842
0.868
0.960
0.835
0.821
0.757
0.732
0.699
0.665
0.645
0.744
0.718
0.766
0.809
0.913
0.840
0.745
0.773
0.729
0.638
0.607
0.554
0.564
0.640
0.729
0.826
0.801
0.864
0.890
0.818
0.786
0.759
0.785
0.722
0.698
0.817
0.848
0.945
0.738
0.890
0.914
0.901
0.961
0.836
0.796
0.781
0.816
0.853
0.872
0.914
1.569
0.898
0.963
0.816
0.841
0.737
0.736
0.671
0.669
0.715
0.769
0.932
0.896
0.870
0.816
0.772
0.734
0.725
0.696
0.683
0.714
0.748
0.809
0.843
0.995
0.855
1.032
0.849
0.983
0.759
0.818
0.663
0.474
0.715
0.794
0.903
0.879
0.939
0.894
0.903
0.813
0.791
0.716
0.734
0.773
0.821
0.871
0.937
0.874
0.904
0.812
0.846
0.776
0.781
0.736
0.740
0.784
0.815
0.857
0.881
0.807
0.875
0.783
0.822
0.735
0.745
0.659
0.679
0.715
0.752
0.805
0.858
0.791
0.890
0.752
0.858
0.711
0.779
0.616
0.701
0.741
0.759
0.777
0.877
0.891
0.821
0.758
0.755
0.727
0.659
0.650
0.608
0.641
0.641
0.722
0.758
0.823
0.778
0.876
0.790
0.687
0.800
0.688
0.660
0.745
0.643
0.673
0.707
0.647
0.712
0.622
0.705
0.606
0.650
0.539
0.556
0.629
0.569
0.599
0.657
0.665
0.726
0.648
0.729
0.653
0.676
0.569
0.594
0.652
0.678
0.733
0.808
0.796
0.838
0.832
0.870
0.873
0.851
0.931
0.634
0.755
0.621
0.724
0.736
0.895
0.840
0.751
0.806
0.748
0.652
0.633
0.590
0.581
0.600
0.623
0.674
0.722
0.651
0.765
0.655
0.670
0.606
0.573
0.516
0.521
0.543
0.597
0.651
0.614
0.626
0.609
0.641
0.603
0.598
0.555
0.560
0.587
0.588
0.616
0.654
0.729
0.663
0.718
0.695
0.657
0.669
0.566
0.561
0.628
0.589
0.599
0.621
0.592
0.675
0.733
0.743
0.810
0.685
0.663
0.587
0.646
0.610
0.688
0.709
0.750
0.846
0.872
0.794
0.745
0.722
0.652
0.671
0.707
0.667
0.706
0.734
0.728
0.767
0.827
0.766
0.792
0.730
0.728
0.684
0.702
0.699
0.705
0.761
0.779
0.789
0.784
0.814
0.803
0.773
0.787
0.766
0.815
0.863
0.854
0.858
0.773
0.841
0.817
0.818
0.768
0.842
0.738
0.740
0.760
0.768
0.788
0.836
0.894
0.843
0.828
0.818
0.734
0.754
0.641
0.701
0.717
0.716
0.729
0.794
0.691
0.797
0.713
0.790
0.715
0.759
0.649
0.662
0.672
0.696
0.704
0.684
0.626
0.733
0.728
0.727
0.720
0.678
0.642
0.606
0.691
0.655
0.680
0.706
0.828
0.704
0.681
0.683
0.649
0.609
0.565
0.530
0.587
0.577
0.629
0.700
0.716
0.739
0.699
0.765
0.719
0.653
0.618
0.637
0.593
0.663
0.655
0.707
0.749
0.698
0.663
0.652
0.642
0.614
0.582
0.542
0.542
0.566
0.600
0.634
0.653
0.664
0.652
0.673
0.656
0.615
0.593
0.567
0.602
0.578
0.569
0.600
0.606
0.606
0.596
0.594
0.564
0.545
0.520
0.538
0.555
0.583
0.606
0.661
0.638
0.716
0.866
0.632
0.871
0.692
0.563
0.612
0.585
0.563
0.640
0.666
0.636
0.666
0.683
0.741
0.682
0.655
0.618
0.665
0.676
0.714
0.688
0.729
0.767
0.746
0.765
0.751
0.737
0.695
0.622
0.579
0.590
0.626
0.667
0.734
0.815
0.709
0.709
0.698
0.677
0.631
0.586
0.565
0.579
0.564
0.592
0.672
0.662
0.702
0.706
0.738
0.784
0.630
0.667
0.576
0.565
0.593
0.635
0.698
0.749
0.739
0.800
0.756
0.744
0.683
0.690
0.630
0.594
0.624
0.729
0.765
0.808
0.859
0.841
0.878
0.804
0.853
0.823
0.802
0.824
0.858
0.877
0.901
0.963
0.919
0.982
0.988
0.949
1.056
0.720
0.819
0.857
0.847
0.949
0.883
1.020
0.900
0.928
0.884
0.843
0.815
0.754
0.726
0.722
0.717
0.740
0.762
0.860
0.716
0.965
0.725
0.912
0.613
0.535
0.579
0.574
0.599
0.567
0.637
0.626
0.672
0.677
0.678
0.668
0.640
0.627
0.638
0.691
0.729
0.814
0.866
0.706
0.873
0.877
0.875
0.672
0.816
0.781
0.767
0.751
0.801
0.832
0.867
0.804
0.782
0.740
0.722
0.676
0.634
