0.073
0.109
0.158
0.158
0.158
0.195
0.055
0.065
0.057
0.075
0.057
0.065
0.057
0.075
0.138
0.185
0.158
0.193
0.073
0.091
0.093
0.091
0.073
0.112
0.073
0.128
0.088
0.114
0.096
0.134
0.061
0.083
0.057
0.083
0.061
0.075
0.061
0.075
0.166
0.187
0.177
0.205
0.057
0.073
0.077
0.083
0.073
0.077
0.073
0.093
0.116
0.142
0.132
0.163
0.057
0.093
0.057
0.093
0.073
0.096
0.073
0.093
0.132
0.177
0.169
0.187
0.055
0.065
0.057
0.065
0.057
0.065
0.057
0.065
0.122
0.156
0.138
0.156
0.079
0.073
0.073
0.073
0.073
0.073
0.073
0.093
0.137
0.161
0.145
0.171
0.062
0.065
0.067
0.065
0.067
0.067
0.067
0.085
0.142
0.150
0.142
0.181
0.073
0.085
0.081
0.085
0.075
0.091
0.075
0.112
0.140
0.150
0.150
0.171
0.073
0.065
0.065
0.081
0.065
0.065
0.065
0.081
0.170
0.157
0.159
0.157
0.055
0.057
0.073
0.057
0.057
0.073
0.057
0.083
0.166
0.193
0.193
0.203
0.062
0.065
0.085
0.067
0.073
0.085
0.057
0.096
0.085
0.077
0.085
0.096
0.073
0.101
0.083
0.112
0.093
0.091
0.093
0.112
0.114
0.138
0.122
0.169
0.079
0.083
0.093
0.091
0.083
0.093
0.083
0.107
0.140
0.171
0.150
0.205
0.092
0.067
0.114
0.067
0.077
0.096
0.077
0.085
0.136
0.162
0.152
0.162
0.079
0.083
0.083
0.083
0.094
0.083
0.083
0.083
0.109
0.144
0.133
0.164
0.092
0.077
0.085
0.077
0.092
0.085
0.077
0.085
0.088
0.116
0.116
0.137
0.055
0.075
0.079
0.075
0.057
0.094
0.057
0.083
0.120
0.122
0.112
0.122
0.057
0.065
0.057
0.073
0.057
0.065
0.057
0.083
0.126
0.145
0.137
0.155
0.057
0.073
0.065
0.083
0.073
0.065
0.073
0.093
0.096
0.130
0.120
0.140
0.057
0.083
0.057
0.083
0.073
0.067
0.073
0.083
0.093
0.138
0.130
0.148
0.062
0.057
0.065
0.057
0.062
0.065
0.057
0.065
0.114
0.134
0.124
0.169
0.062
0.065
0.065
0.065
0.073
0.065
0.065
0.065
0.088
0.114
0.098
0.134
0.055
0.083
0.057
0.083
0.065
0.083
0.065
0.083
0.124
0.132
0.124
0.158
0.061
0.075
0.057
0.075
0.061
0.075
0.057
0.075
0.104
0.114
0.104
0.124
0.055
0.075
0.055
0.083
0.067
0.067
0.067
0.093
0.082
0.120
0.104
0.120
0.057
0.093
0.057
0.104
0.057
0.093
0.057
0.104
0.104
0.120
0.104
0.130
0.067
0.085
0.083
0.085
0.067
0.093
0.067
0.085
0.114
0.106
0.106
0.130
0.062
0.065
0.057
0.075
0.062
0.065
0.057
0.075
0.132
0.132
0.132
0.158
0.057
0.057
0.065
0.057
0.057
0.065
0.057
0.065
0.183
0.202
0.183
0.202
0.057
0.083
0.057
0.083
0.057
0.083
0.057
0.083
0.093
0.104
0.104
0.104
0.057
0.075
0.065
0.083
0.057
0.085
0.065
0.083
0.116
0.150
0.116
0.161
0.057
0.093
0.067
0.093
0.083
0.077
0.083
0.093
0.096
0.104
0.104
0.140
0.062
0.065
0.057
0.065
0.057
0.065
0.057
0.075
0.132
0.130
0.130
0.146
0.055
0.065
0.067
0.065
0.067
0.065
0.065
0.075
0.114
0.150
0.124
0.158
0.057
0.096
0.075
0.096
0.096
0.075
0.096
0.093
0.124
0.153
0.140
0.153
0.055
0.073
0.079
0.073
0.065
0.073
0.073
0.073
0.122
0.132
0.132
0.150
0.062
0.075
0.067
0.075
0.077
0.075
0.067
0.085
0.088
0.114
0.096
0.114
0.067
0.065
0.067
0.065
0.065
0.065
0.065
0.091
0.124
0.150
0.150
0.158
0.055
0.075
0.067
0.075
0.067
0.075
0.067
0.083
0.093
0.101
0.101
0.128
0.072
0.073
0.072
0.073
0.065
0.073
0.065
0.073
0.145
0.145
0.155
0.163
0.055
0.065
0.055
0.065
0.055
0.065
0.055
0.065
0.104
0.128
0.112
0.158
0.073
0.073
0.073
0.091
0.073
0.073
0.073
0.107
0.122
0.130
0.130
0.140
0.079
0.073
0.073
0.081
0.073
0.073
0.073
0.081
0.114
0.150
0.124
0.150
0.057
0.075
0.073
0.075
0.075
0.073
0.075
0.083
0.132
0.166
0.169
0.187
0.055
0.065
0.079
0.065
0.057
0.073
0.065
0.073
0.122
0.132
0.132
0.156
0.057
0.083
0.073
0.083
0.085
0.073
0.093
0.083
0.156
0.182
0.166
0.182
0.065
0.065
0.065
0.065
0.065
0.065
0.065
0.091
0.130
0.166
0.140
0.174
0.057
0.065
0.093
0.065
0.065
0.083
0.065
0.093
0.114
0.122
0.122
0.138
0.057
0.096
0.085
0.104
0.067
0.096
0.085
0.104
0.115
0.125
0.115
0.133
0.057
0.065
0.057
0.065
0.065
0.067
0.065
0.083
0.145
0.179
0.161
0.189
0.073
0.083
0.073
0.083
0.073
0.083
0.073
0.083
0.124
0.153
0.142
0.163
0.055
0.065
0.065
0.073
0.065
0.065
0.067
0.083
0.150
0.156
0.177
0.154
0.061
0.065
0.061
0.065
0.073
0.057
0.073
0.075
0.155
0.179
0.163
0.210
0.055
0.073
0.075
0.073
0.073
0.075
0.073
0.083
0.093
0.104
0.104
0.140
0.057
0.075
0.065
0.075
0.065
0.075
0.065
0.093
0.132
0.156
0.132
0.156
0.055
0.073
0.082
0.073
0.073
0.075
0.073
0.083
0.101
0.128
0.128
0.148
0.055
0.093
0.079
0.093
0.083
0.083
0.083
0.093
0.109
0.101
0.101
0.112
0.057
0.065
0.065
0.065
0.067
0.065
0.065
0.065
0.104
0.124
0.114
0.140
0.048
0.065
0.055
0.073
0.065
0.055
0.067
0.073
0.101
0.136
0.128
0.136
0.092
0.075
0.077
0.075
0.067
0.083
0.067
0.075
0.106
0.114
0.114
0.130
0.048
0.073
0.067
0.073
0.055
0.073
0.072
0.073
0.132
0.148
0.148
0.148
0.057
0.083
0.067
0.083
0.067
0.083
0.067
0.093
0.155
0.181
0.191
0.210
0.055
0.073
0.065
0.073
0.055
0.073
0.065
0.073
0.083
0.093
0.083
0.109
0.057
0.083
0.065
0.083
0.073
0.075
