204.2
88.46
97.09
106
219.4
351.2
385.8
346.6
310
303.7
320.6
341.9
297.8
188.5
120.9
149.6
242.5
352.6
348.8
220.8
170.1
221
299.5
264.4
84.92
40.63
39.31
62.67
81.27
104.4
141.8
209.2
224.2
272.2
313.1
310.5
347.1
223.7
173.2
131.1
219.3
321.7
390.4
438.9
426.4
474.2
576
629
435.8
227.1
142.1
165.8
227.4
280.2
214.8
265.8
345.3
406.3
459.5
478.3
307.5
181.2
192.4
233.3
326.8
386.4
389.3
270.3
245.5
337.8
460.5
476.3
254.4
105.7
79
118.8
247.8
321.3
279.7
350.9
385.4
456.9
547.3
603.3
438.4
192.3
123.6
175
286.3
347
473.6
555.3
623.9
683.7
677.1
670
546.9
374
254.9
219.7
237.3
313
318.2
305.7
356.6
453.6
529.4
522.4
330.1
208.9
184.1
204.3
306.9
335.2
325.1
294.8
304.1
365.6
455.1
479.1
282.3
157.6
157.7
171.9
232.1
268.8
267.1
250.5
212.1
290.9
311.4
311.2
238.2
140.1
128.9
130.3
199.3
263.1
224.9
272.9
304.7
385
350.6
348.1
252.6
169.5
143.9
223.8
340.4
397.4
385.8
328.7
351.7
407.6
432.1
456.5
443.9
270.1
232.3
304.2
379.7
444.4
446.2
377.2
350.3
413
473.5
485.2
344.7
148.6
135.2
182.4
289.9
370.4
439.9
528.8
577.8
565.2
571.5
543.9
380.6
298.2
313.4
349.2
368.6
428.3
464.1
478.5
460.3
452.9
456.4
438.6
288.6
218.1
132.7
131.8
173.5
219.6
251.2
188.8
188.8
251
280.3
251
143.4
135.8
142.1
204.5
319
402.8
449.2
465
477.7
499.5
521.3
539.8
534.2
465.3
463.5
471.8
513.1
533.3
548.6
548.9
552.9
572.8
620.9
628.7
592
477
395.6
361.7
421
513.3
573.2
558.3
525.9
571.9
591.5
559.9
350.9
187.5
182.7
183.9
223
312
291.1
260.3
274.1
330.4
390.3
432
393.2
222.4
202.3
300.2
400.9
445
432.6
339.4
349
393.5
465.5
394.7
243.8
175.8
173
248.7
324.4
392.4
449.4
443.4
400.8
467.7
518
566.4
474.6
220.1
125.6
159.3
349.9
431.1
380
381.1
401
458.3
540.7
527.7
432.7
291.2
219.8
255.8
380.2
463.6
466.4
397.4
389.9
442.1
519.7
562.8
508.5
388.1
277.7
383.4
510.2
592.9
579.9
484.6
474.7
472.9
527.4
588.6
540.3
365.2
190.1
346.9
478.1
581.8
601.1
569.9
595.6
604.4
635.8
637.9
556.6
434.3
380.6
374.5
475.4
578.7
633.7
641
649.8
653.4
679.9
668.1
589.6
479.6
359.6
394.5
454.6
476.9
460.8
369.3
369.2
323.7
418.1
335.2
186.5
144.7
163.9
211.5
341.9
470.4
587.7
641.2
633.5
668.4
699.3
835.1
720.9
435.5
336.6
395.5
595
627.1
547.3
488.5
435.2
466.5
531.8
610.8
576.2
395.8
216.9
275.1
427.5
427.4
313.6
292.9
314.5
318.2
377.8
341.8
188.9
163.4
178
182
274
351.5
317.4
272.5
358
404.5
427.3
411.1
338.7
198.5
216.6
197.2
339.4
369.3
280.5
230.4
313.2
411.8
496.8
523.3
295.3
220.7
185.7
255.8
283.8
328.8
240.5
233.5
242.4
236.6
327.5
266.3