1.077
1.044
1.028
1.024
1.033
1.036
1.036
1.039
1.056
1.070
1.081
1.086
1.076
1.029
0.993
0.988
0.996
1.010
1.022
1.037
1.056
1.069
1.073
1.079
1.061
1.011
1.006
1.002
1.009
1.010
1.006
1.016
1.030
1.047
1.061
1.063
1.040
1.013
1.002
1.001
1.020
1.027
1.030
1.047
1.059
1.068
1.079
1.088
1.072
1.030
0.998
1.000
1.013
1.020
1.031
1.047
1.056
1.072
1.081
1.088
1.078
1.048
1.017
1.013
1.019
1.033
1.045
1.058
1.066
1.063
1.064
1.071
1.066
1.033
1.004
0.992
0.996
0.995
1.003
1.012
1.024
1.027
1.034
1.045
1.046
1.024
1.006
1.004
1.010
1.007
1.017
1.009
1.018
1.035
1.053
1.060
1.055
1.024
1.003
0.997
1.008
1.016
1.010
1.013
1.028
1.043
1.048
1.052
1.046
1.021
0.999
0.995
1.009
1.012
1.034
1.046
1.058
1.061
1.047
1.058
1.045
1.014
1.000
0.996
1.003
1.004
1.016
1.030
1.031
1.041
1.058
1.071
1.046
1.011
0.995
0.989
0.998
0.996
0.997
1.006
1.025
1.053
1.063
1.065
1.051
1.021
0.986
0.984
0.989
1.001
1.006
1.014
1.032
1.044
1.048
1.050
1.033
0.995
0.978
0.981
0.983
0.985
0.996
1.001
1.012
1.026
1.041
1.059
1.072
0.993
0.972
0.973
0.981
0.986
0.993
1.000
1.010
1.021
1.026
1.035
1.033
1.008
0.990
0.986
0.996
1.003
1.005
1.012
1.030
1.053
1.072
1.065
1.054
1.025
0.997
0.993
1.002
1.007
1.010
1.016
1.026
1.027
1.039
1.049
1.040
1.012
0.985
0.984
0.990
0.995
1.004
1.024
1.028
1.041
1.050
1.073
1.070
1.030
1.009
1.007
1.018
1.023
1.027
1.029
1.033
1.036
1.033
1.031
1.021
1.003
0.987
0.984
0.989
1.002
1.023
1.033
1.044
1.055
1.064
1.066
1.055
1.018
0.993
0.982
0.991
1.001
1.009
1.013
1.021
1.027
1.035
1.042
1.034
1.012
0.992
0.984
0.995
1.000
1.004
1.010
1.024
1.021
1.021
1.024
1.021
1.004
0.991
0.992
1.003
1.005
1.007
1.020
1.031
1.040
1.051
1.063
1.044
1.009
0.983
0.983
0.986
0.992
1.003
1.013
1.023
1.029
1.033
1.038
1.031
1.013
1.000
0.994
1.003
1.011
1.024
1.035
1.043
1.067
1.083
1.092
1.079
1.037
1.008
1.006
1.018
1.033
1.042
1.036
1.034
1.032
1.033
1.040
1.031
1.018
1.004
1.006
1.012
1.018
1.023
1.028
1.039
1.045
1.052
1.060
1.052
1.030
1.016
1.014
1.023
1.029
1.042
1.048
1.061
1.062
1.061
1.063
1.059
1.024
1.009
1.005
1.014
1.015
1.022
1.038
1.052
1.062
1.068
1.073
1.059
1.027
1.004
1.001
1.010
1.011
1.012
1.015
1.026
1.028
1.038
1.047
1.041
1.022
1.013
1.011
1.021
1.021
1.035
1.052
1.061
1.075
1.082
1.086
1.065
1.022
0.991
0.986
0.996
1.006
1.015
1.030
1.033
1.029
1.030
1.037
1.029
1.008
0.991
0.983
0.990
0.995
1.002
1.011
1.019
1.029
1.038
1.057
1.047
1.012
0.994
0.992
1.004
1.015
1.021
1.023
1.032
1.039
1.048
1.056
1.049
1.021
0.993
0.989
0.992
0.994
1.000
1.010
1.026
1.043
1.045
1.057
1.053
1.025
0.997
0.991
0.997
1.006
1.017
1.025
1.030
1.030
1.039
1.045
1.037
1.015
0.990
0.986
0.990
0.992
1.003
1.013
1.027
1.043
1.050
1.062
1.056
1.020
0.993
0.991
0.996
1.002
1.009
1.021
1.041
1.064
1.091
1.116
1.110
1.061
1.015
0.998
1.003
1.007
1.009
1.026
1.043
1.051
1.065
1.083
1.070
1.028
1.007
1.006
1.012
1.015
1.030
1.048
1.064
1.070
1.062
1.068
1.053
1.022
1.001
0.999
1.009
1.019
1.025
1.029
1.033
1.033
1.034
1.038
1.027
0.996
0.987
0.985
0.988
0.997
1.007
1.017
1.021
1.025
1.033
1.038
1.027
1.006
0.992
0.989
0.996
1.005
1.009
1.021
1.034
1.045
1.051
1.055
1.049
1.022
0.991
0.987
0.995
1.003
1.011
1.021
1.028
1.040
1.049
1.063
1.054
1.025
1.000
0.996
1.001
1.003
1.008
1.017
1.033
1.050
1.061
1.068
1.062
1.031
0.999
0.996
1.002
1.005
1.012
1.028
1.043
1.055
1.053
1.053
1.036
0.990
0.968
0.964
0.970
0.972
0.977
0.984
0.985
0.990
0.993
0.997
0.987
0.973
0.964
0.963
0.970
0.974
0.986
0.999
1.016
1.035
1.057
1.075
1.063
1.015
0.987
0.983
0.997
1.012
1.032
1.039
1.043
1.047
1.053
1.063
1.044
1.008
0.969
0.961
0.970
0.981
0.995
1.012
1.024
1.031
1.035
1.038
1.024
0.993
0.969
0.964
0.970
0.978
0.989
0.999
1.008
1.018
1.025
1.030
1.022
0.999
0.981
0.971
0.976
0.983
0.990
1.004
1.018
1.027
1.033
1.034
1.022
0.989
0.969
0.966
0.971
0.983
0.996
1.015
1.030
1.041
1.044
1.050
1.039
0.995
0.972
0.970
0.974
0.980
0.993
1.011
1.028
1.039
1.043
1.042
1.034
1.004
0.976
0.971
0.974
0.977
0.982
0.995
1.011
1.029
1.043
1.049
1.038
1.003
0.979
0.979
0.986
0.993
1.004
1.019
1.025
1.032
1.033
1.029
1.018
0.995
0.977
0.971
0.977
0.983
0.993
1.007
1.028
1.046
1.049
1.053
1.040
1.004
0.982
0.982
0.983
0.982
0.986
0.997
1.008
1.019
1.026
1.032
1.022
0.993
0.965
0.963
0.967
0.974
0.978
0.989
1.007
1.013
1.016
1.018
1.008
0.980
0.961
0.958
0.964
0.971
0.981
0.997
1.019
1.043
1.056
1.068
1.052
1.002
0.974
0.970
0.979
0.985
0.995
1.006
1.012
1.016
1.016
1.016
1.010
0.991
0.973
0.970
0.975
0.981
0.985
0.996
1.000
0.998
0.995
0.998
0.989
0.962
0.947
0.945
0.952
0.959
0.972
0.981
0.990
0.993
0.995
1.001
0.996
0.975
0.958
0.957
0.970
0.974
0.974
0.973
0.970
0.971
0.975
0.977
0.974
0.966
0.959
0.957
0.961
0.966
0.976
0.985
0.996
1.008
1.019
1.029