26.3
26.6
27.4
27.8
28.3
28.7
28.8
28.7
28.5
27.8
27.8
27.3
26.9
27.1
26.3
27.2
28.1
28
28.2
28.6
28.3
27.5
27.9
27.6
26.4
26.6
26.7
27.6
27.7
27.8
28.1
27.5
28
26.9
27.4
26.9
28.2
26.1
27.6
26.6
28.4
28.6
28.8
29.1
28.9
28.4
28.6
28
27.5
27.2
27.9
28.4
28.5
29.1
29
28.7
29.2
28.8
28.5
27.2
26.4
25.5
26.5
27.2
27.8
28.2
28
28.2
28.4
28
27.9
27.6
26.6
27.6
26.8
28.5
28.6
28.4
28.5
28.4
28.4
28.1
27.7
27.2
26.9
26.2
25.9
27.2
28
28.8
28.2
28.3
28.1
28
25.9
26.6
26.5
27
27.8
27.6
29
27.2
28.2
28.1
28.3
28.6
28.4
27.6
28.3
28
28.2
27.9
27.8
27.7
27.8
27.8
27.8
27.8
27.5
27.5
26.8
27.1
27
28
28.2
28.1
27.9
27.5
27.7
27.4
27.2
26.5
26.3
26.7
27.1
27.6
28
28.2
28.5
28.1
28.4
28
27.2
27.6
27.8
27.6
26.7
28.1
28
27.7
28.1
28
27.8
27.4
26.7
25.8
26.4
26.7
27.4
27.9
28.3
28.4
28.4
28.2
28
27.7
27.5
27.4
26.3
26.5
27
26.3
26.7
27.8
27.8
27.8
27.8
27.7
27.7
27.7
27.1
27.3
27.9
28.1
28.3
27.7
27.4
27.3
27.7
27.2
27
27
26.6
27
27.3
27.8
27.8
28.3
27.9
26.7
27.5
28.1
27.9
28
27.8
27.6
28.1
28.1
28.2
28.3
28
27.9
28
27.8
27.4
27.2
26.5
26
27
27.4
27.7
29.2
29.2
29.5
29.8
29.7
29.5
29.5
28.9
27.4
28.4
27.6
27.8
28
27.8
27.9
28.1
28
27.7
27.6
27
27
27.7
27.7
28.6
28.1
27.9
27.9
28.1
28
27.7
27.7
26.9
26.5
26.6
27.1
27.8
27.6
27.4
27.2
27.5
26.7
27.1
26.3
26.1
25.6
26.2
26.6
27.8
27.4
27.6
27.9
28
27.8
28.5
27.2
26.8
26.6
26.6
27.1
27.7
28.2
27.8
27.9
28.8
28.4
28.4
28
27.5
27.3
27.7
28
28.5
28.5
28.4
28.3
28.6
28.4
28.4
28
27.5
27.2
27.7
27.9
28.5
28.5
28.4
28.3
28.6
28.4
28.4
27.8
27.4
27.3
27.6
27.9
28.5
28.6
28.5
28.4
28.6
28.3
28.4
27.8
27.4
27.1
27.6
27.6
28
28.1
28.4
27.9
28.3
27.9
28.3
27.7
26.7
26.8
26.6
27.3
28
28.4
28.1
28.3
28.3
27.6
28
27
27.4
27.1
28
28.1
28.6
29.2
28.7
28.6
28.3
27.7
28.3
27.4
26.8
27.2
26.9
27.5
28.1
28.2
27.7
27.6
27.5
27.5
27.4
26.3
25.9
26.5
26.7
27
28.2
28.5
28.3
27.9
27.8
28.2
27.7
26.9
26.5
26.6
27
27.6
28.3
28.4
28.3
28.4
28.3
27.6
27.9
27.1
27.1
27.4
27.6
28.1
28.1
29.3
28.7
28.7
28
27.7
27.8
27.1
26.7
26.7
27
27.3
28
28.2
28
27.9
27.9
27.7
27.7
27
26.7
26.7
27
27.4
28
28.3
28
27.9
27.9
27.6
27.7
27.7
26.6
26.7
27
27.3
27.9
28.2
28
27.9
27.9
27.6
27.7
26.9
26.7
26.7
27
27.6
28.1
28.4
28.2
28.4
28.2
27.8
27.7
26.7
26.6
27.1
27.4
28.2
28.4
28.7
27.9
28
27.8
27.9
27.9
27.4
27.1
27
27.3
27.9
28.1
28.6
28.2
28.5
27.6
28.3
27.5
27.4
26.5
26.4
27
27.3
28.1
28.3
28
28.1
28.2
27.6
27.5
27
27
26.7
27.2
27.9
28.4
28.5
28
28
28.6
27.7
28
27.5
27.3
27.2
27.4
27.9
27.9
28.4
28
28
28
27.8
27.5
26.9
26.5
27
26.4
27.2
28.2
28.1
28.4
28.6
28.5
28.5
28
27.8
27.4
27.7
27.5
28.4
28.5
28.6
28.3
28.9
28.4
28.2
28
27.3
26.8
26.3
27.3
27.8
28.2
28
28.1
27.6
27.4
27.2
27.4
26.8
26.1
26.3
26.4
27.3
27.9
28.1
27.8
28.2
27.7
27.8
27.7
27.3
26.9
26
26.7
27.3
28
28.2
28.3
28.8
28.2
28.1
28.1
27.9
27.7
26.7
27
27.7
28.5
28.7
28.4
28.8
28.5
28.4
28.3
27.9
27.3
27.4
27.5
27.9
28.7
28.3
28.2
28.4
28.6
27.9
28.3
27.8
27
27.4
27.1
27.8
28.2
28.5
28.2
28.6
28.3
28
27.6
27.6
27.4
27.3
28.2
28.3
28.5
28.8
28.7
28.6
28.5
27.8
28
27.5
27.2
26.8
27.1
27.6
28.3
28.5
28.6
28.7
28.5
28.4
28.2
27.8
26.9
27.1
27.4
27.8
27.9
28.7
28.4
27.8
28
27.5
28.2
27.6
27
26.9
27
27.7
28
28.2
28
27.8
28.2
28
27.7
27.1
26.7
27
27.4
28
28.7
28.6
28.8
28.6
29
28.3
28.5
28.4
27.9
28
28.6
28.8
29
28.7
28.1
28.1
28.2
27.9
27.1
27.2
27.15
27.1
27.3
28
28.3
28.6
28.1
28.1
28.2
27.3
27.3
27.1
26.9
26.7
27.4
28
28.9
29
28.9
28.4
28.9
28.18688267
28.43786767
27.96936233
27
27.2
28.1
28.3
28.1
28.8
28.3
28.2
28.3
28.4
28.8
28.8
27.21702419
27.19455286
27.64034452
28.27054433
28.78924667
29.05935433
28.83859548
28.61421258
28.60280067
28.26491548
28.418745
28.0867971
27.25403581
27.67347321
27.32111935
28.14863733
28.54712903
29.03322552
28.67435645
28.98664194
29.21950667
29.09767677
28.31118
28.44766032
